Sample	17	22	27	32	37	42	47	52	57	62	67	72	77	82	87	92	97	102	107	112	117	122	127	132	137	142	147	150
1.flexbar_trim.R_1	5584.0	11977.0	9338.0	6998.0	5639.0	5511.0	5476.0	5864.0	7080.0	9160.0	12223.0	18189.0	26698.0	41540.0	63899.0	94897.0	136399.0	183883.0	237973.0	287329.0	336243.0	367598.0	394534.0	417275.0	430117.0	429708.0	705106.0	15510956.0
1.flexbar_trim.R_2	5497.0	11760.0	9136.0	6829.0	5532.0	5418.0	5348.0	5677.0	6782.0	8767.0	11571.0	17493.0	25897.0	40446.0	62146.0	92077.0	132367.0	178217.0	230193.0	278385.0	325270.0	354308.0	386581.0	413902.0	426203.0	429344.0	763958.0	15528090.0
10.flexbar_trim.R_1	5382.0	12335.0	10497.0	8254.0	6852.0	6826.0	6686.0	7343.0	8652.0	11515.0	14930.0	22117.0	32402.0	50460.0	75495.0	109014.0	156522.0	205755.0	263448.0	309498.0	353792.0	380981.0	411474.0	429999.0	441338.0	431750.0	680744.0	13970721.0
10.flexbar_trim.R_2	5246.0	12054.0	10271.0	8014.0	6688.0	6624.0	6484.0	7083.0	8291.0	10899.0	14175.0	21119.0	31084.0	48421.0	72870.0	104727.0	150807.0	197636.0	252949.0	296944.0	339630.0	367263.0	404483.0	427778.0	439746.0	431635.0	710728.0	14031133.0
100.flexbar_trim.R_1	4938.0	10419.0	8769.0	6943.0	6047.0	5918.0	6247.0	7323.0	9540.0	12899.0	17847.0	26425.0	38810.0	57053.0	84315.0	116570.0	158043.0	206634.0	251146.0	286781.0	319580.0	344798.0	363793.0	377806.0	384481.0	377031.0	601474.0	12631434.0
100.flexbar_trim.R_2	4823.0	10223.0	8579.0	6781.0	5885.0	5800.0	6054.0	7117.0	9229.0	12471.0	17111.0	25565.0	37714.0	55324.0	82109.0	112472.0	153032.0	199594.0	242274.0	277218.0	308333.0	333522.0	358179.0	375680.0	384853.0	376745.0	640345.0	12666032.0
107.flexbar_trim.R_1	4254.0	12507.0	12595.0	11028.0	10298.0	9677.0	9916.0	10719.0	12201.0	15695.0	19514.0	26079.0	35891.0	50858.0	73398.0	102218.0	138068.0	175512.0	215847.0	246395.0	275656.0	298197.0	317680.0	330611.0	338934.0	335496.0	553585.0	12261575.0
107.flexbar_trim.R_2	4178.0	12292.0	12384.0	10802.0	10046.0	9435.0	9707.0	10395.0	11828.0	15161.0	18824.0	25313.0	34903.0	49416.0	71552.0	99260.0	134268.0	170498.0	209439.0	239490.0	267846.0	288349.0	312352.0	328711.0	338562.0	336772.0	592243.0	12280378.0
108.flexbar_trim.R_1	6055.0	19851.0	21005.0	18721.0	18003.0	17919.0	18833.0	21251.0	25185.0	32611.0	41009.0	56108.0	78798.0	110874.0	156929.0	215320.0	288963.0	357884.0	427060.0	481937.0	521222.0	542490.0	558778.0	563388.0	559170.0	536252.0	779858.0	14548388.0
108.flexbar_trim.R_2	5908.0	19388.0	20517.0	18213.0	17525.0	17402.0	18283.0	20550.0	24216.0	31465.0	39396.0	54073.0	76097.0	106920.0	151553.0	206764.0	278159.0	343579.0	409163.0	462578.0	500065.0	521320.0	548573.0	559281.0	557300.0	534878.0	792310.0	14688386.0
109.flexbar_trim.R_1	5717.0	12610.0	10034.0	8128.0	6770.0	6710.0	6688.0	7590.0	9028.0	11827.0	15905.0	23430.0	34568.0	52533.0	79367.0	112449.0	159189.0	207886.0	262005.0	304687.0	348189.0	374133.0	401497.0	423208.0	432296.0	432092.0	716042.0	16198806.0
109.flexbar_trim.R_2	5629.0	12467.0	9909.0	8011.0	6655.0	6592.0	6562.0	7429.0	8783.0	11442.0	15401.0	22815.0	33716.0	51262.0	77739.0	109523.0	155412.0	202578.0	255366.0	296617.0	339175.0	362621.0	395828.0	421500.0	429166.0	430253.0	782757.0	16198176.0
11.flexbar_trim.R_1	7231.0	14154.0	10181.0	7295.0	5684.0	5441.0	5158.0	5659.0	6784.0	9051.0	12254.0	18291.0	28206.0	44371.0	69467.0	103007.0	146248.0	195843.0	249047.0	298370.0	348369.0	376778.0	401719.0	421880.0	434150.0	428867.0	703861.0	15734684.0
11.flexbar_trim.R_2	7096.0	13859.0	9986.0	7131.0	5510.0	5319.0	4973.0	5410.0	6374.0	8465.0	11433.0	17338.0	27222.0	42993.0	67495.0	99530.0	141698.0	189190.0	240443.0	288414.0	335988.0	362279.0	393322.0	418971.0	433667.0	431337.0	763617.0	15752990.0
110.flexbar_trim.R_1	8652.0	17569.0	13083.0	9591.0	7361.0	6979.0	6828.0	7267.0	8758.0	11567.0	15708.0	23342.0	35214.0	53240.0	81037.0	114889.0	160747.0	212066.0	263966.0	304759.0	346027.0	374436.0	400529.0	418245.0	427983.0	421990.0	696032.0	15391267.0
110.flexbar_trim.R_2	8496.0	17254.0	12789.0	9344.0	7152.0	6792.0	6607.0	7034.0	8418.0	11075.0	15044.0	22438.0	34128.0	51380.0	78610.0	110685.0	155289.0	204495.0	254267.0	293901.0	333003.0	360422.0	391926.0	415745.0	427280.0	422907.0	751975.0	15420676.0
117.flexbar_trim.R_1	18780.0	36407.0	26111.0	18685.0	14235.0	13229.0	12776.0	13425.0	15845.0	21571.0	29501.0	44768.0	67467.0	101744.0	149530.0	207710.0	280262.0	351258.0	419929.0	466686.0	506274.0	523244.0	534282.0	532495.0	521892.0	502889.0	736415.0	14543979.0
117.flexbar_trim.R_2	18516.0	35958.0	25756.0	18363.0	13977.0	12973.0	12450.0	13026.0	15343.0	20714.0	28231.0	43268.0	65784.0	99212.0	146243.0	202106.0	273192.0	341756.0	408317.0	453854.0	491351.0	506717.0	524749.0	528053.0	520270.0	500446.0	789565.0	14601199.0
118.flexbar_trim.R_1	10318.0	19687.0	13090.0	8842.0	6564.0	5705.0	5321.0	5770.0	6567.0	8698.0	12311.0	18790.0	28992.0	45478.0	70309.0	103500.0	147183.0	195478.0	246688.0	291184.0	333287.0	363912.0	386556.0	406859.0	415624.0	413837.0	676164.0	15404646.0
118.flexbar_trim.R_2	10151.0	19370.0	12864.0	8666.0	6393.0	5584.0	5124.0	5530.0	6281.0	8225.0	11694.0	18150.0	28199.0	44056.0	68505.0	100335.0	142959.0	189248.0	238929.0	281937.0	322272.0	351700.0	381026.0	405589.0	413920.0	413260.0	746380.0	15405013.0
119.flexbar_trim.R_1	8923.0	17475.0	12499.0	8912.0	6861.0	6035.0	5596.0	6041.0	7029.0	9143.0	12958.0	19273.0	29681.0	45732.0	71386.0	104589.0	148192.0	199097.0	252685.0	296750.0	342156.0	375012.0	402350.0	427331.0	439872.0	438006.0	721011.0	16427303.0
119.flexbar_trim.R_2	8815.0	17230.0	12317.0	8748.0	6724.0	5893.0	5434.0	5846.0	6830.0	8777.0	12447.0	18657.0	28897.0	44431.0	69566.0	101435.0	143908.0	193000.0	244618.0	287545.0	331190.0	363241.0	395929.0	424099.0	437379.0	439414.0	826531.0	16392997.0
12.flexbar_trim.R_1	6151.0	12107.0	8607.0	6271.0	4943.0	4718.0	4499.0	5262.0	6342.0	8767.0	12283.0	18768.0	29615.0	46945.0	74455.0	111275.0	160779.0	213591.0	273521.0	325184.0	377031.0	409939.0	439048.0	456041.0	470403.0	463550.0	715382.0	14562280.0
12.flexbar_trim.R_2	5983.0	11750.0	8359.0	6073.0	4785.0	4596.0	4304.0	4990.0	5938.0	8207.0	11476.0	17851.0	28525.0	45118.0	71647.0	106451.0	154009.0	204246.0	261330.0	311035.0	360133.0	393126.0	430851.0	453599.0	467925.0	463839.0	772065.0	14609546.0
120.flexbar_trim.R_1	10357.0	19228.0	13019.0	9279.0	7082.0	6445.0	6158.0	6714.0	8292.0	11003.0	15204.0	23373.0	35488.0	54526.0	82679.0	120110.0	167901.0	223601.0	276500.0	319650.0	360289.0	386958.0	410783.0	426854.0	432404.0	428580.0	688831.0	14730458.0
120.flexbar_trim.R_2	10196.0	18909.0	12802.0	9064.0	6918.0	6275.0	5972.0	6468.0	7975.0	10542.0	14599.0	22620.0	34459.0	52926.0	80306.0	116017.0	162478.0	215863.0	266618.0	308716.0	347450.0	374058.0	404181.0	424447.0	430623.0	427577.0	730885.0	14772822.0
121.flexbar_trim.R_1	7732.0	17771.0	16154.0	13097.0	12456.0	11620.0	11044.0	13029.0	14095.0	18249.0	21605.0	29165.0	39955.0	57910.0	84432.0	118236.0	162073.0	206368.0	255112.0	294813.0	333773.0	358826.0	386412.0	404636.0	419660.0	415979.0	683195.0	15525846.0
121.flexbar_trim.R_2	7616.0	17482.0	15845.0	12819.0	12179.0	11351.0	10791.0	12707.0	13750.0	17664.0	21026.0	28361.0	38971.0	56365.0	82458.0	114717.0	157289.0	200087.0	247004.0	285931.0	323859.0	346426.0	380007.0	402245.0	417982.0	415712.0	751113.0	15531486.0
127.flexbar_trim.R_1	9267.0	18192.0	12934.0	9631.0	7674.0	7177.0	6760.0	7589.0	8707.0	11843.0	16217.0	24287.0	37113.0	57061.0	87897.0	126708.0	176778.0	231356.0	286675.0	332478.0	376387.0	410863.0	433806.0	451827.0	463127.0	460567.0	759910.0	16985999.0
127.flexbar_trim.R_2	9057.0	17748.0	12652.0	9384.0	7442.0	6966.0	6544.0	7258.0	8371.0	11340.0	15449.0	23442.0	35905.0	55064.0	85187.0	121946.0	170333.0	222647.0	275470.0	319532.0	361842.0	395501.0	426521.0	449313.0	460358.0	462372.0	833651.0	17007535.0
128.flexbar_trim.R_1	5181.0	10830.0	8319.0	6203.0	4961.0	4621.0	4459.0	4957.0	5732.0	7700.0	9921.0	14333.0	21205.0	31193.0	45097.0	53088.0	63939.0	87484.0	100034.0	103229.0	105348.0	109846.0	126621.0	144225.0	153083.0	155987.0	309601.0	7646176.0
128.flexbar_trim.R_2	5109.0	10685.0	8214.0	6130.0	4910.0	4561.0	4388.0	4837.0	5586.0	7461.0	9607.0	13964.0	20726.0	30346.0	44101.0	51659.0	62213.0	85141.0	97103.0	100309.0	102215.0	106169.0	124491.0	143682.0	151938.0	155482.0	329384.0	7652962.0
129.flexbar_trim.R_1	4575.0	57652.0	77044.0	72985.0	72342.0	68859.0	67695.0	71014.0	74727.0	85025.0	93193.0	101754.0	116389.0	126493.0	133558.0	122918.0	119518.0	138857.0	139702.0	127642.0	118226.0	118948.0	131119.0	145124.0	151257.0	150263.0	224526.0	5912750.0
129.flexbar_trim.R_2	4422.0	56553.0	75379.0	71319.0	70501.0	67216.0	66179.0	69449.0	73052.0	83010.0	90615.0	98991.0	113071.0	122534.0	129586.0	118243.0	115039.0	133528.0	134247.0	122915.0	113501.0	114161.0	128464.0	144606.0	151101.0	150463.0	221400.0	5984610.0
13.flexbar_trim.R_1	4922.0	11209.0	9166.0	7336.0	6106.0	5855.0	5476.0	6027.0	7065.0	9013.0	11692.0	16533.0	23508.0	34992.0	55276.0	84764.0	126624.0	172233.0	213818.0	246459.0	289903.0	318643.0	352422.0	373689.0	382506.0	384977.0	620816.0	13502345.0
13.flexbar_trim.R_2	4856.0	11081.0	9074.0	7235.0	6070.0	5790.0	5355.0	5917.0	6920.0	8684.0	11210.0	16082.0	22911.0	34144.0	54089.0	82652.0	123745.0	167836.0	208312.0	240241.0	282293.0	308449.0	347490.0	372284.0	381015.0	381426.0	664382.0	13513832.0
131.flexbar_trim.R_1	8327.0	17084.0	13840.0	10956.0	9169.0	9108.0	8981.0	10058.0	12062.0	15853.0	21036.0	29764.0	42625.0	60113.0	82326.0	91343.0	103704.0	134690.0	144876.0	139391.0	133430.0	132973.0	147337.0	161800.0	165925.0	162487.0	283522.0	6272168.0
131.flexbar_trim.R_2	8187.0	16843.0	13601.0	10772.0	9006.0	8940.0	8831.0	9844.0	11783.0	15380.0	20293.0	28912.0	41585.0	58560.0	80553.0	88662.0	100633.0	130612.0	140209.0	134835.0	128732.0	128298.0	144316.0	160532.0	165682.0	161906.0	289936.0	6307505.0
137.flexbar_trim.R_1	3345.0	8613.0	7919.0	6815.0	6066.0	5821.0	5920.0	6535.0	7311.0	9395.0	12058.0	16881.0	23055.0	33660.0	46861.0	53047.0	62846.0	85463.0	98008.0	98720.0	97578.0	100619.0	117193.0	138210.0	148360.0	142481.0	261518.0	6123901.0
137.flexbar_trim.R_2	3285.0	8449.0	7783.0	6683.0	5957.0	5714.0	5779.0	6394.0	7128.0	9137.0	11687.0	16368.0	22466.0	32736.0	45757.0	51405.0	60928.0	82839.0	94812.0	95519.0	94496.0	97036.0	115312.0	137246.0	148067.0	142942.0	275187.0	6137087.0
138.flexbar_trim.R_1	3208.0	7454.0	6530.0	5196.0	4430.0	3976.0	3804.0	4316.0	4882.0	6480.0	8496.0	11685.0	17232.0	24729.0	35261.0	40691.0	50432.0	69084.0	80491.0	82189.0	83346.0	88743.0	103922.0	120625.0	129955.0	132862.0	261391.0	6522984.0
138.flexbar_trim.R_2	3163.0	7363.0	6420.0	5094.0	4349.0	3922.0	3733.0	4233.0	4775.0	6326.0	8244.0	11409.0	16820.0	24158.0	34403.0	39454.0	48960.0	66996.0	77977.0	79657.0	80673.0	86004.0	102416.0	119881.0	129860.0	133823.0	286994.0	6517287.0
139.flexbar_trim.R_1	4954.0	9495.0	6876.0	5336.0	4336.0	4114.0	3963.0	4607.0	5600.0	7506.0	10500.0	15822.0	24085.0	36708.0	52947.0	62850.0	76611.0	105384.0	118240.0	119623.0	119755.0	125625.0	143146.0	162658.0	173269.0	173815.0	315376.0	7132635.0
139.flexbar_trim.R_2	4865.0	9310.0	6750.0	5233.0	4259.0	4043.0	3892.0	4500.0	5434.0	7228.0	10065.0	15330.0	23343.0	35478.0	51512.0	60605.0	74015.0	101647.0	113997.0	115270.0	115318.0	121416.0	141116.0	162039.0	173450.0	173583.0	332014.0	7150124.0
140.flexbar_trim.R_1	6121.0	12276.0	8866.0	6703.0	5238.0	4992.0	4909.0	5320.0	5842.0	7635.0	10081.0	14766.0	21400.0	31636.0	44823.0	52187.0	62356.0	84155.0	94657.0	95486.0	94312.0	99417.0	112931.0	128680.0	137527.0	141075.0	287667.0	7266074.0
140.flexbar_trim.R_2	6046.0	12090.0	8735.0	6603.0	5113.0	4877.0	4760.0	5096.0	5534.0	7239.0	9573.0	14017.0	20636.0	30679.0	43662.0	50627.0	60451.0	81474.0	91449.0	92424.0	91077.0	95442.0	110476.0	127287.0	136898.0	140487.0	297311.0	7287069.0
147.flexbar_trim.R_1	4418.0	11623.0	9922.0	8151.0	7267.0	6906.0	6956.0	7570.0	8949.0	11531.0	14460.0	20214.0	28704.0	42306.0	59308.0	68966.0	83295.0	110351.0	123413.0	123290.0	123584.0	127013.0	142853.0	159214.0	168534.0	167596.0	292454.0	6210613.0
147.flexbar_trim.R_2	4269.0	11340.0	9659.0	7920.0	7008.0	6674.0	6715.0	7280.0	8593.0	10989.0	13838.0	19501.0	27708.0	40729.0	57181.0	65995.0	79466.0	105275.0	117426.0	117373.0	117526.0	121087.0	140084.0	158147.0	167884.0	167523.0	298669.0	6253602.0
148.flexbar_trim.R_1	5908.0	18434.0	18204.0	15943.0	14790.0	14498.0	15366.0	17037.0	20387.0	27291.0	35897.0	50656.0	73554.0	107299.0	158478.0	221417.0	308896.0	388834.0	480640.0	550406.0	619299.0	657958.0	696418.0	707809.0	714688.0	688871.0	939762.0	15516001.0
148.flexbar_trim.R_2	5806.0	18150.0	17894.0	15666.0	14470.0	14220.0	15062.0	16674.0	19919.0	26599.0	35000.0	49347.0	71750.0	104329.0	154296.0	214816.0	299737.0	376785.0	465548.0	533156.0	600108.0	634613.0	681605.0	700617.0	706541.0	684638.0	970258.0	15637137.0
149.flexbar_trim.R_1	26993.0	255421.0	354574.0	331345.0	327465.0	315711.0	317372.0	339145.0	368575.0	426444.0	485980.0	554363.0	659052.0	757953.0	897415.0	1070607.0	1285624.0	1498955.0	1737726.0	1861211.0	2053285.0	2120321.0	2196683.0	2208156.0	2211262.0	2147792.0	3056293.0	60091977.0
149.flexbar_trim.R_2	26045.0	249717.0	345400.0	321937.0	318048.0	306809.0	308945.0	329724.0	358490.0	413918.0	470336.0	537439.0	637224.0	731490.0	867081.0	1027561.0	1237882.0	1441103.0	1669795.0	1790126.0	1974071.0	2038597.0	2146907.0	2193299.0	2202615.0	2155083.0	3129135.0	60728923.0
150.flexbar_trim.R_1	16379.0	49095.0	49618.0	43268.0	39765.0	39619.0	40884.0	45306.0	51895.0	65284.0	83641.0	111898.0	151513.0	207874.0	286712.0	378158.0	491957.0	589474.0	686818.0	736022.0	778445.0	789765.0	793862.0	774372.0	751706.0	698939.0	957376.0	15792782.0
150.flexbar_trim.R_2	16053.0	48228.0	48762.0	42478.0	38854.0	38789.0	40007.0	44320.0	50635.0	63320.0	81108.0	108725.0	147754.0	202258.0	279920.0	367161.0	478513.0	572648.0	666479.0	715185.0	755365.0	765742.0	779125.0	767818.0	749231.0	699485.0	962870.0	15971594.0
18.flexbar_trim.R_1	5199.0	11876.0	9727.0	7683.0	6504.0	6013.0	5828.0	6196.0	7198.0	9090.0	11892.0	16390.0	23141.0	34353.0	54538.0	82407.0	123891.0	168879.0	207723.0	237179.0	276933.0	308241.0	339280.0	360123.0	370570.0	371139.0	600089.0	12895079.0
18.flexbar_trim.R_2	5101.0	11666.0	9478.0	7494.0	6337.0	5867.0	5676.0	5966.0	6871.0	8657.0	11283.0	15698.0	22317.0	33093.0	52867.0	79293.0	119765.0	162836.0	200048.0	228920.0	266439.0	296141.0	331725.0	357220.0	370876.0	369176.0	645601.0	12920750.0
19-G.flexbar_trim.R_1	10814.0	20792.0	13896.0	10165.0	8105.0	7327.0	7301.0	7786.0	9381.0	12490.0	17549.0	26409.0	39971.0	60817.0	92250.0	132733.0	184321.0	239493.0	296405.0	342613.0	390240.0	421072.0	447185.0	459724.0	470834.0	464676.0	772887.0	16283576.0
19-G.flexbar_trim.R_2	10563.0	20360.0	13565.0	9887.0	7853.0	7123.0	7084.0	7524.0	9131.0	12120.0	16954.0	25556.0	38759.0	58714.0	89083.0	127412.0	177354.0	229771.0	283876.0	328857.0	374251.0	404166.0	436966.0	454701.0	466807.0	464431.0	808892.0	16359052.0
19-S.flexbar_trim.R_1	38971.0	67061.0	37326.0	24254.0	16376.0	12849.0	11271.0	11164.0	12906.0	16213.0	22456.0	33563.0	50768.0	77174.0	114127.0	162034.0	217915.0	279323.0	337236.0	385063.0	428464.0	454608.0	474384.0	478825.0	486307.0	472388.0	775786.0	16926346.0
19-S.flexbar_trim.R_2	37982.0	65448.0	36377.0	23573.0	15811.0	12401.0	10921.0	10809.0	12544.0	15657.0	21665.0	32458.0	49017.0	74418.0	110249.0	155278.0	209073.0	267909.0	322787.0	369425.0	410391.0	436044.0	464423.0	474009.0	482313.0	474960.0	862199.0	16967017.0
19.flexbar_trim.R_1	3432.0	7672.0	6792.0	5524.0	4653.0	4516.0	4547.0	5029.0	5819.0	7599.0	9797.0	13496.0	18656.0	27990.0	44006.0	65619.0	99309.0	135953.0	170097.0	198042.0	233161.0	263611.0	294872.0	318338.0	333945.0	340152.0	594796.0	13427055.0
19.flexbar_trim.R_2	3371.0	7556.0	6685.0	5410.0	4585.0	4493.0	4475.0	4916.0	5687.0	7346.0	9327.0	13036.0	18234.0	27355.0	43096.0	63959.0	97061.0	132561.0	165587.0	193109.0	227010.0	256701.0	290825.0	317047.0	334011.0	339294.0	633710.0	13428031.0
2.flexbar_trim.R_1	8586.0	17525.0	13575.0	10155.0	8472.0	7816.0	7661.0	8222.0	9753.0	12899.0	17119.0	25595.0	38075.0	57841.0	85231.0	120497.0	165089.0	213641.0	262784.0	303178.0	344173.0	365851.0	383804.0	398005.0	402035.0	395338.0	629845.0	13957111.0
2.flexbar_trim.R_2	8388.0	17132.0	13210.0	9834.0	8184.0	7555.0	7414.0	7873.0	9344.0	12239.0	16251.0	24599.0	36666.0	55606.0	82172.0	115476.0	158686.0	204889.0	251919.0	291018.0	329783.0	351326.0	375317.0	395655.0	400599.0	398588.0	694320.0	13985833.0
20-G.flexbar_trim.R_1	18896.0	32592.0	19719.0	13145.0	9657.0	8007.0	7478.0	8144.0	9507.0	12770.0	18031.0	27465.0	41444.0	63875.0	96119.0	137982.0	190297.0	248713.0	304063.0	351672.0	397595.0	427486.0	453003.0	462524.0	472073.0	462825.0	791566.0	17274048.0
20-G.flexbar_trim.R_2	18585.0	32012.0	19348.0	12828.0	9403.0	7806.0	7308.0	7893.0	9226.0	12430.0	17503.0	26662.0	40195.0	61761.0	92934.0	132828.0	183178.0	239063.0	291846.0	337995.0	381793.0	411340.0	441868.0	456560.0	467846.0	463004.0	836032.0	17341449.0
20-S.flexbar_trim.R_1	8613.0	16109.0	9814.0	7066.0	5270.0	4533.0	4400.0	4717.0	5658.0	7491.0	10324.0	16076.0	24514.0	37745.0	58094.0	85681.0	119536.0	159226.0	195760.0	227959.0	258396.0	278848.0	297538.0	305311.0	311225.0	307870.0	533902.0	12021512.0
20-S.flexbar_trim.R_2	8506.0	15897.0	9682.0	6961.0	5194.0	4455.0	4302.0	4630.0	5529.0	7376.0	10101.0	15704.0	23972.0	36826.0	56655.0	83154.0	116003.0	154511.0	189705.0	220976.0	250011.0	268731.0	291556.0	302723.0	307955.0	305361.0	574472.0	12042240.0
20.flexbar_trim.R_1	3312.0	8685.0	8192.0	6744.0	5779.0	5448.0	5649.0	6249.0	7107.0	9097.0	11883.0	16329.0	22723.0	33406.0	52551.0	78859.0	117603.0	158556.0	198024.0	228451.0	267727.0	293827.0	326475.0	347716.0	359636.0	360411.0	579296.0	12513721.0
20.flexbar_trim.R_2	3238.0	8557.0	8056.0	6623.0	5654.0	5311.0	5500.0	6098.0	6922.0	8790.0	11345.0	15763.0	22070.0	32509.0	51260.0	76482.0	114500.0	153795.0	191789.0	221644.0	259607.0	283864.0	321404.0	345909.0	359983.0	357996.0	618186.0	12530601.0
21.flexbar_trim.R_1	3925.0	8475.0	6929.0	5541.0	4476.0	4290.0	4237.0	4693.0	5453.0	7028.0	9093.0	12805.0	18318.0	27162.0	43605.0	65877.0	98011.0	132954.0	165248.0	191462.0	223407.0	250054.0	277309.0	299213.0	313124.0	319445.0	560736.0	13139328.0
21.flexbar_trim.R_2	3873.0	8364.0	6844.0	5495.0	4426.0	4279.0	4197.0	4563.0	5240.0	6712.0	8585.0	12270.0	17779.0	26401.0	42528.0	64009.0	95471.0	128863.0	160043.0	185707.0	216117.0	241987.0	272779.0	297587.0	314562.0	317743.0	600818.0	13144956.0
28.flexbar_trim.R_1	7161.0	13725.0	9530.0	6922.0	5099.0	4774.0	4527.0	4822.0	5653.0	7518.0	9979.0	14487.0	21167.0	32549.0	54502.0	84314.0	130104.0	179595.0	221448.0	256857.0	301532.0	332498.0	366106.0	388282.0	399336.0	402598.0	638911.0	13785324.0
28.flexbar_trim.R_2	7053.0	13513.0	9317.0	6795.0	4964.0	4646.0	4399.0	4656.0	5456.0	7239.0	9568.0	13975.0	20561.0	31579.0	53031.0	81660.0	125902.0	173737.0	213894.0	248239.0	291009.0	321510.0	359551.0	384953.0	398476.0	399589.0	692603.0	13801445.0
29.flexbar_trim.R_1	7417.0	13875.0	9976.0	7484.0	5610.0	5169.0	4807.0	5119.0	6350.0	8330.0	11007.0	15978.0	23475.0	35479.0	57330.0	87585.0	129718.0	176736.0	216165.0	249362.0	288008.0	319736.0	347345.0	371371.0	379566.0	380660.0	614410.0	13768049.0
29.flexbar_trim.R_2	7304.0	13694.0	9795.0	7337.0	5485.0	5062.0	4639.0	4906.0	5910.0	7798.0	10338.0	15361.0	22626.0	34415.0	56078.0	85097.0	126421.0	171945.0	209900.0	242200.0	280104.0	310106.0	341965.0	368942.0	379470.0	376890.0	666740.0	13775589.0
3.flexbar_trim.R_1	14137.0	28473.0	21143.0	15337.0	12275.0	10993.0	11065.0	11986.0	14012.0	18591.0	25234.0	37490.0	56099.0	83166.0	122974.0	173599.0	236297.0	298625.0	361376.0	409817.0	449175.0	467801.0	482465.0	485421.0	482098.0	460018.0	674958.0	13671644.0
3.flexbar_trim.R_2	13896.0	28023.0	20700.0	15013.0	11924.0	10711.0	10718.0	11527.0	13437.0	17527.0	23962.0	36050.0	54109.0	80563.0	119537.0	168238.0	229502.0	289339.0	350133.0	397060.0	434528.0	452974.0	473793.0	482948.0	479584.0	460570.0	733111.0	13716792.0
30.flexbar_trim.R_1	8195.0	15712.0	11082.0	8024.0	5937.0	5489.0	5074.0	5484.0	6691.0	8233.0	10798.0	16027.0	23661.0	36095.0	58538.0	88838.0	130379.0	179023.0	219617.0	254087.0	294364.0	326716.0	356787.0	378511.0	390323.0	392580.0	649054.0	14542943.0
30.flexbar_trim.R_2	8024.0	15363.0	10813.0	7851.0	5780.0	5378.0	4954.0	5203.0	6287.0	7815.0	10247.0	15373.0	22774.0	34870.0	56766.0	85714.0	126079.0	172564.0	211384.0	245234.0	284667.0	316924.0	352052.0	375565.0	388954.0	389208.0	692260.0	14570159.0
31.flexbar_trim.R_1	4758.0	9041.0	6313.0	4373.0	3313.0	2978.0	2672.0	2856.0	3156.0	4206.0	5427.0	7646.0	11458.0	17785.0	28058.0	41739.0	60964.0	84192.0	109388.0	133491.0	159162.0	183285.0	201473.0	221633.0	236563.0	247526.0	542584.0	15388948.0
31.flexbar_trim.R_2	4695.0	8923.0	6211.0	4293.0	3279.0	2918.0	2606.0	2818.0	3054.0	4024.0	5215.0	7438.0	11180.0	17339.0	27387.0	40626.0	59276.0	81822.0	106035.0	129639.0	154520.0	177064.0	197814.0	220240.0	235048.0	252294.0	631470.0	15327760.0
37.flexbar_trim.R_1	3759.0	8730.0	7986.0	6182.0	5769.0	5574.0	5819.0	6674.0	8065.0	10762.0	15207.0	22546.0	35109.0	54237.0	82296.0	118890.0	166461.0	215254.0	270118.0	311206.0	349672.0	375041.0	407093.0	413669.0	417495.0	409424.0	617043.0	10893063.0
37.flexbar_trim.R_2	3664.0	8555.0	7775.0	6010.0	5579.0	5412.0	5652.0	6464.0	7824.0	10393.0	14726.0	21777.0	34050.0	52368.0	79529.0	114223.0	160454.0	207038.0	259697.0	299591.0	336145.0	360428.0	397622.0	410012.0	415782.0	410065.0	632704.0	10969605.0
38.flexbar_trim.R_1	7147.0	17105.0	16615.0	12560.0	11145.0	10686.0	10956.0	12047.0	14302.0	18811.0	25490.0	37127.0	55321.0	82671.0	122144.0	173674.0	238300.0	302459.0	371034.0	421055.0	459855.0	480236.0	499921.0	501112.0	491899.0	469149.0	659884.0	11513494.0
38.flexbar_trim.R_2	7018.0	16825.0	16291.0	12309.0	10896.0	10426.0	10758.0	11772.0	13965.0	18242.0	24775.0	36169.0	53905.0	80432.0	119045.0	168635.0	231498.0	293316.0	359278.0	408021.0	445341.0	464681.0	490110.0	496269.0	488960.0	468070.0	663193.0	11615999.0
39.flexbar_trim.R_1	4062.0	9370.0	9023.0	6600.0	5755.0	5559.0	5460.0	6113.0	7331.0	9576.0	13061.0	19894.0	29965.0	47328.0	73264.0	107659.0	155762.0	204794.0	260096.0	309006.0	355277.0	383100.0	419533.0	433526.0	446253.0	438840.0	669953.0	12391943.0
39.flexbar_trim.R_2	3978.0	9174.0	8847.0	6435.0	5605.0	5413.0	5299.0	5936.0	7127.0	9279.0	12611.0	19330.0	29036.0	45925.0	71082.0	103969.0	150881.0	197934.0	251095.0	298765.0	343194.0	369734.0	412805.0	431189.0	445129.0	438508.0	696721.0	12443102.0
4.flexbar_trim.R_1	4453.0	9442.0	7146.0	5340.0	4231.0	3844.0	3631.0	3918.0	4296.0	5401.0	6672.0	9557.0	13554.0	20135.0	30088.0	43311.0	60287.0	80429.0	102847.0	123184.0	145495.0	161789.0	176861.0	190556.0	203282.0	209217.0	533576.0	17284615.0
4.flexbar_trim.R_2	4339.0	9236.0	6998.0	5228.0	4118.0	3783.0	3530.0	3811.0	4127.0	5156.0	6282.0	9147.0	13078.0	19373.0	29158.0	41661.0	58179.0	77572.0	99034.0	118648.0	140135.0	155685.0	173863.0	189820.0	203234.0	211753.0	615370.0	17234839.0
40.flexbar_trim.R_1	3319.0	10196.0	13360.0	10195.0	10020.0	9997.0	10507.0	11941.0	13753.0	17889.0	23402.0	32629.0	46966.0	68406.0	99435.0	139779.0	193317.0	243347.0	304876.0	350757.0	391994.0	419111.0	445508.0	450717.0	454694.0	434347.0	623696.0	10686053.0
40.flexbar_trim.R_2	3237.0	9983.0	13124.0	9964.0	9840.0	9759.0	10294.0	11654.0	13467.0	17404.0	22753.0	31793.0	45685.0	66391.0	96746.0	135135.0	187088.0	235069.0	294425.0	339158.0	378590.0	405083.0	437597.0	447304.0	453587.0	435014.0	616149.0	10783918.0
41.flexbar_trim.R_1	5014.0	14203.0	15840.0	13394.0	12577.0	12360.0	12476.0	14048.0	16507.0	21170.0	26534.0	36355.0	54539.0	69796.0	98912.0	137604.0	187471.0	238905.0	289818.0	334473.0	367853.0	390370.0	413351.0	428708.0	431878.0	407283.0	575030.0	10554680.0
41.flexbar_trim.R_2	4911.0	13912.0	15501.0	13072.0	12277.0	12025.0	12195.0	13683.0	16099.0	20548.0	25724.0	35366.0	53089.0	67629.0	95952.0	132801.0	181348.0	230659.0	279440.0	323263.0	355473.0	378338.0	407328.0	426952.0	431628.0	407718.0	576968.0	10637250.0
47.flexbar_trim.R_1	7065.0	13838.0	11123.0	8152.0	6470.0	6139.0	6345.0	7033.0	8511.0	11778.0	16644.0	25695.0	39884.0	62485.0	96808.0	139895.0	194325.0	250498.0	309847.0	358810.0	398758.0	424938.0	444715.0	449599.0	450667.0	438625.0	658237.0	12425319.0
47.flexbar_trim.R_2	6938.0	13596.0	10925.0	7989.0	6329.0	5996.0	6177.0	6848.0	8233.0	11393.0	16053.0	24917.0	38702.0	60679.0	94088.0	135244.0	188199.0	242270.0	299240.0	346762.0	384972.0	408339.0	435299.0	445203.0	448936.0	438599.0	688065.0	12492212.0
48.flexbar_trim.R_1	6587.0	22212.0	24546.0	21060.0	20150.0	19924.0	20371.0	22771.0	25329.0	32516.0	39953.0	53578.0	72366.0	100204.0	138080.0	184002.0	240359.0	298411.0	358515.0	403038.0	442265.0	462516.0	490757.0	491530.0	490067.0	472000.0	718401.0	13090322.0
48.flexbar_trim.R_2	6408.0	21602.0	23880.0	20391.0	19485.0	19222.0	19706.0	22084.0	24558.0	31419.0	38599.0	51886.0	69880.0	96762.0	133264.0	176989.0	231262.0	286877.0	344421.0	387845.0	425526.0	445792.0	482724.0	488739.0	488642.0	474029.0	728061.0	13201777.0
49.flexbar_trim.R_1	6874.0	13326.0	10502.0	7877.0	6341.0	5942.0	6088.0	6639.0	7998.0	10595.0	14847.0	21596.0	32231.0	51109.0	79001.0	116222.0	165818.0	215743.0	268056.0	314406.0	357297.0	390859.0	422632.0	439763.0	447867.0	445491.0	707578.0	14134100.0
49.flexbar_trim.R_2	6735.0	13094.0	10296.0	7707.0	6178.0	5793.0	5908.0	6390.0	7750.0	10209.0	14309.0	20948.0	31356.0	49653.0	76798.0	112628.0	160914.0	208590.0	259268.0	304371.0	344974.0	375951.0	413553.0	435757.0	442563.0	442317.0	728666.0	14204122.0
5.flexbar_trim.R_1	4541.0	9674.0	8482.0	6769.0	5822.0	5612.0	5615.0	6255.0	7379.0	9631.0	12351.0	18165.0	26459.0	40588.0	61892.0	91567.0	130707.0	173954.0	223737.0	264125.0	308892.0	336698.0	368804.0	391428.0	405603.0	404417.0	672370.0	14538634.0
5.flexbar_trim.R_2	4415.0	9508.0	8300.0	6652.0	5680.0	5523.0	5529.0	6076.0	7129.0	9170.0	11808.0	17406.0	25673.0	39250.0	60100.0	88476.0	126561.0	167994.0	215579.0	255194.0	297967.0	326021.0	363318.0	390424.0	406231.0	407934.0	709270.0	14562983.0
50.flexbar_trim.R_1	6119.0	12623.0	10113.0	7637.0	5852.0	5564.0	5209.0	5725.0	6544.0	8495.0	11410.0	16277.0	24385.0	37284.0	58809.0	87363.0	126423.0	167657.0	212666.0	251255.0	291316.0	321411.0	352191.0	370719.0	383199.0	383896.0	639205.0	13855078.0
50.flexbar_trim.R_2	5953.0	12375.0	9858.0	7415.0	5655.0	5386.0	5010.0	5494.0	6308.0	8131.0	10863.0	15584.0	23458.0	35838.0	56645.0	83708.0	121276.0	160388.0	203508.0	240571.0	278507.0	306951.0	342610.0	366504.0	380831.0	383194.0	672960.0	13909444.0
57-G.flexbar_trim.R_1	20621.0	35707.0	21200.0	14577.0	10925.0	9616.0	9129.0	9836.0	12199.0	16790.0	24434.0	36942.0	57061.0	87313.0	131237.0	191010.0	260971.0	338357.0	412053.0	470656.0	526765.0	563399.0	590752.0	602668.0	609311.0	593427.0	963222.0	20085227.0
57-G.flexbar_trim.R_2	20204.0	34945.0	20704.0	14198.0	10582.0	9321.0	8772.0	9563.0	11840.0	16324.0	23568.0	35739.0	55012.0	84042.0	126428.0	182673.0	250176.0	323405.0	393760.0	450249.0	503477.0	540452.0	576229.0	594279.0	603379.0	593056.0	1017254.0	20195774.0
57-S.flexbar_trim.R_1	4972.0	33136.0	40422.0	36923.0	35117.0	34091.0	35278.0	37592.0	41217.0	49889.0	58187.0	71406.0	89023.0	114271.0	147319.0	188490.0	239934.0	292783.0	330396.0	357516.0	384293.0	392726.0	400160.0	388741.0	380013.0	345390.0	433858.0	7208842.0
57-S.flexbar_trim.R_2	4845.0	32407.0	39427.0	35900.0	34220.0	33125.0	34280.0	36579.0	40015.0	48466.0	56066.0	68741.0	85357.0	109120.0	139885.0	177143.0	225705.0	274584.0	308053.0	334062.0	357498.0	368346.0	383905.0	383259.0	375318.0	339609.0	426606.0	7419464.0
57.flexbar_trim.R_1	11480.0	21489.0	14979.0	10979.0	8308.0	7863.0	7670.0	8407.0	10646.0	14910.0	21197.0	31836.0	48569.0	75316.0	115995.0	169123.0	236233.0	301589.0	365179.0	409658.0	451153.0	470400.0	482611.0	486178.0	482224.0	461098.0	683512.0	12974678.0
57.flexbar_trim.R_2	11301.0	21034.0	14697.0	10711.0	8071.0	7659.0	7457.0	8142.0	10247.0	14365.0	20448.0	30861.0	47305.0	73328.0	113120.0	163971.0	229357.0	292230.0	353355.0	396726.0	436176.0	454893.0	472527.0	480170.0	478720.0	459612.0	718303.0	13048494.0
58-G.flexbar_trim.R_1	14429.0	26574.0	17581.0	12740.0	10153.0	8918.0	8736.0	9669.0	11792.0	15325.0	21491.0	32705.0	49991.0	75961.0	115171.0	167114.0	229353.0	301394.0	372688.0	435336.0	492401.0	533995.0	567280.0	584866.0	596586.0	585903.0	989293.0	21007030.0
58-G.flexbar_trim.R_2	14159.0	26104.0	17187.0	12435.0	9888.0	8643.0	8434.0	9360.0	11481.0	14818.0	20811.0	31740.0	48370.0	73283.0	111320.0	160535.0	220984.0	289571.0	357888.0	417877.0	471846.0	510099.0	551495.0	576275.0	590219.0	585125.0	1028487.0	21116041.0
58-S.flexbar_trim.R_1	5273.0	18633.0	20018.0	18550.0	17415.0	17555.0	18481.0	21404.0	24732.0	31846.0	40431.0	55719.0	76232.0	107681.0	150688.0	210352.0	272236.0	338672.0	393478.0	435703.0	467396.0	485040.0	490272.0	481884.0	473286.0	443268.0	565409.0	8870692.0
58-S.flexbar_trim.R_2	5180.0	18348.0	19650.0	18160.0	17038.0	17177.0	18107.0	20980.0	24286.0	31187.0	39453.0	54477.0	74310.0	104685.0	146252.0	203186.0	263032.0	326191.0	378766.0	419983.0	449138.0	467570.0	479626.0	479021.0	470559.0	438896.0	583126.0	8983962.0
58.flexbar_trim.R_1	5648.0	13211.0	13150.0	10980.0	8966.0	8764.0	8698.0	9926.0	11461.0	14881.0	19087.0	26753.0	38237.0	56760.0	84089.0	122081.0	171508.0	220442.0	275061.0	323942.0	365124.0	398076.0	426121.0	443040.0	454102.0	444388.0	682280.0	13647729.0
58.flexbar_trim.R_2	5505.0	12917.0	12835.0	10688.0	8725.0	8511.0	8448.0	9637.0	11106.0	14418.0	18380.0	25876.0	37027.0	54866.0	81294.0	117445.0	165349.0	211733.0	264067.0	311199.0	350120.0	381492.0	416974.0	439367.0	451110.0	442542.0	702910.0	13729964.0
59.flexbar_trim.R_1	2932.0	7132.0	6270.0	4944.0	4009.0	3728.0	3490.0	3813.0	4120.0	5173.0	6523.0	8938.0	12731.0	18354.0	27971.0	39750.0	56546.0	74597.0	95502.0	112519.0	133934.0	148658.0	164695.0	177599.0	191261.0	199123.0	508732.0	15437846.0
59.flexbar_trim.R_2	2853.0	6971.0	6119.0	4844.0	3910.0	3663.0	3414.0	3703.0	4020.0	5058.0	6312.0	8713.0	12378.0	17788.0	27098.0	38381.0	54770.0	71955.0	92272.0	108727.0	129291.0	143779.0	161689.0	176220.0	190599.0	200416.0	565371.0	15410576.0
60.flexbar_trim.R_1	7290.0	14684.0	11924.0	9237.0	7435.0	6918.0	6794.0	7430.0	8859.0	11558.0	15321.0	22094.0	32674.0	49708.0	76723.0	114310.0	163410.0	217587.0	273470.0	320342.0	363621.0	399140.0	430293.0	446224.0	456262.0	449089.0	710373.0	14399794.0
60.flexbar_trim.R_2	7146.0	14348.0	11622.0	8996.0	7222.0	6781.0	6566.0	7223.0	8460.0	11052.0	14614.0	21210.0	31486.0	47831.0	73959.0	109704.0	157244.0	208893.0	262022.0	307232.0	348642.0	383712.0	421496.0	441909.0	453850.0	447796.0	726305.0	14485243.0
67.flexbar_trim.R_1	7872.0	15461.0	10927.0	8134.0	5869.0	5456.0	5262.0	5578.0	6706.0	8902.0	12288.0	18141.0	27813.0	42513.0	65226.0	97767.0	139563.0	183601.0	231890.0	273933.0	314224.0	342934.0	369624.0	385709.0	399102.0	393723.0	665129.0	15138495.0
67.flexbar_trim.R_2	7718.0	15164.0	10669.0	7947.0	5717.0	5324.0	5090.0	5362.0	6402.0	8466.0	11596.0	17365.0	26855.0	41110.0	63421.0	94502.0	135067.0	177128.0	223456.0	264139.0	302759.0	328792.0	360761.0	381591.0	397156.0	393476.0	699597.0	15185212.0
68.flexbar_trim.R_1	8311.0	16191.0	11954.0	8813.0	6506.0	5913.0	5748.0	6292.0	7597.0	10119.0	13870.0	20753.0	31996.0	50296.0	77306.0	115636.0	164596.0	216857.0	273968.0	321427.0	365224.0	395402.0	425046.0	442553.0	452420.0	445941.0	711137.0	14451666.0
68.flexbar_trim.R_2	8096.0	15762.0	11604.0	8549.0	6280.0	5735.0	5542.0	5982.0	7249.0	9614.0	13241.0	19835.0	30789.0	48374.0	74447.0	110834.0	158014.0	207455.0	261868.0	307456.0	348741.0	378116.0	416072.0	438341.0	448489.0	446198.0	735950.0	14534905.0
69.flexbar_trim.R_1	4819.0	11422.0	9616.0	7794.0	6717.0	6633.0	6800.0	7557.0	8877.0	12178.0	16202.0	23122.0	34200.0	52367.0	78283.0	112213.0	156824.0	204032.0	253080.0	294522.0	329582.0	356074.0	379083.0	392294.0	399787.0	394691.0	611774.0	12202057.0
69.flexbar_trim.R_2	4753.0	11258.0	9441.0	7661.0	6617.0	6541.0	6675.0	7390.0	8680.0	11821.0	15567.0	22518.0	33291.0	51071.0	76441.0	109168.0	152655.0	198009.0	245599.0	285997.0	319919.0	343500.0	371915.0	388982.0	396075.0	391337.0	634513.0	12255206.0
70.flexbar_trim.R_1	4674.0	10943.0	9912.0	8199.0	7148.0	7018.0	7189.0	7829.0	9429.0	12342.0	16621.0	24244.0	36232.0	55053.0	83393.0	117546.0	160021.0	209776.0	259795.0	295063.0	332099.0	359623.0	383508.0	392443.0	394481.0	385746.0	561106.0	10156598.0
70.flexbar_trim.R_2	4581.0	10708.0	9642.0	7987.0	6913.0	6848.0	6998.0	7647.0	9133.0	11902.0	16065.0	23535.0	35168.0	53422.0	80957.0	113362.0	154677.0	202028.0	249968.0	284302.0	319286.0	345475.0	374731.0	389578.0	392590.0	384475.0	576733.0	10229320.0
78.flexbar_trim.R_1	7994.0	20533.0	18436.0	15313.0	13743.0	13474.0	14198.0	15494.0	19149.0	25196.0	34054.0	49351.0	71618.0	106091.0	154145.0	211423.0	285858.0	360389.0	431443.0	477936.0	517594.0	529231.0	535668.0	533634.0	520669.0	494362.0	655839.0	10828552.0
78.flexbar_trim.R_2	7867.0	20253.0	18166.0	15038.0	13495.0	13246.0	13884.0	15180.0	18635.0	24344.0	33137.0	48002.0	69981.0	103728.0	150914.0	206290.0	279359.0	351667.0	420482.0	466114.0	503685.0	515033.0	528076.0	531204.0	520436.0	494833.0	684503.0	10893835.0
79.flexbar_trim.R_1	5624.0	11926.0	9515.0	7310.0	6008.0	5684.0	5709.0	6273.0	7464.0	10004.0	13768.0	20728.0	31639.0	49481.0	75717.0	110365.0	156014.0	206031.0	260213.0	304870.0	348805.0	375762.0	399938.0	418028.0	424610.0	416372.0	648071.0	13320746.0
79.flexbar_trim.R_2	5526.0	11719.0	9307.0	7171.0	5841.0	5588.0	5582.0	6097.0	7222.0	9556.0	13244.0	20051.0	30745.0	48068.0	73756.0	106933.0	151673.0	199969.0	252191.0	295866.0	338123.0	364019.0	395008.0	417712.0	424947.0	416035.0	697913.0	13336813.0
80.flexbar_trim.R_1	4752.0	9962.0	7881.0	6087.0	5155.0	5001.0	4997.0	5744.0	6986.0	9513.0	12960.0	19609.0	29870.0	46047.0	70071.0	101438.0	143639.0	187256.0	234005.0	272954.0	306694.0	328898.0	346185.0	355772.0	358070.0	349952.0	521682.0	9953585.0
80.flexbar_trim.R_2	4683.0	9819.0	7751.0	5982.0	5047.0	4892.0	4872.0	5559.0	6675.0	9116.0	12477.0	19004.0	29062.0	44704.0	68379.0	98484.0	139836.0	181597.0	226431.0	264486.0	297078.0	319587.0	341587.0	354246.0	358092.0	348571.0	538239.0	9998509.0
83.flexbar_trim.R_1	4470.0	9615.0	7506.0	5904.0	5098.0	4846.0	4896.0	5459.0	6701.0	8996.0	12572.0	18984.0	28904.0	45391.0	70493.0	101570.0	144648.0	193569.0	246642.0	287264.0	327454.0	356141.0	379932.0	396187.0	401954.0	394831.0	596465.0	11370767.0
83.flexbar_trim.R_2	4393.0	9412.0	7364.0	5753.0	4971.0	4747.0	4778.0	5354.0	6490.0	8710.0	12134.0	18434.0	28121.0	44108.0	68601.0	98258.0	140106.0	187299.0	238401.0	278127.0	316888.0	345119.0	374503.0	394283.0	401827.0	394833.0	631698.0	11402547.0
88.flexbar_trim.R_1	5045.0	23232.0	27402.0	24416.0	23890.0	23971.0	24341.0	26912.0	30600.0	38836.0	47332.0	61669.0	82771.0	112177.0	155525.0	206939.0	274784.0	331153.0	396628.0	444935.0	484252.0	496419.0	513599.0	521821.0	524743.0	496283.0	693337.0	12643043.0
88.flexbar_trim.R_2	4935.0	22862.0	26953.0	23969.0	23414.0	23528.0	23854.0	26339.0	29864.0	37729.0	45810.0	59937.0	80564.0	109166.0	151859.0	200771.0	267462.0	321953.0	384683.0	432731.0	470604.0	480358.0	505731.0	520296.0	524881.0	495714.0	729340.0	12710748.0
90.flexbar_trim.R_1	4389.0	15468.0	16330.0	14185.0	13539.0	13097.0	13311.0	14887.0	17960.0	22208.0	28721.0	38809.0	54173.0	77416.0	110603.0	152542.0	208219.0	263722.0	324018.0	367029.0	409416.0	429474.0	456031.0	464538.0	468566.0	452583.0	659480.0	11892735.0
90.flexbar_trim.R_2	4286.0	15107.0	15937.0	13884.0	13207.0	12718.0	12952.0	14459.0	17437.0	21461.0	27712.0	37462.0	52436.0	74929.0	107266.0	147147.0	201445.0	254623.0	312525.0	354733.0	395488.0	415210.0	449743.0	463183.0	469173.0	453510.0	680283.0	11965133.0
91.flexbar_trim.R_1	5283.0	11433.0	9317.0	7366.0	6454.0	6288.0	6382.0	7179.0	8368.0	11535.0	15153.0	22224.0	33189.0	50527.0	77505.0	111077.0	155612.0	204594.0	256611.0	296865.0	340010.0	364900.0	389893.0	407801.0	415716.0	410825.0	668244.0	14531687.0
91.flexbar_trim.R_2	5197.0	11272.0	9139.0	7274.0	6336.0	6160.0	6228.0	6959.0	8139.0	11064.0	14552.0	21584.0	32440.0	49248.0	75740.0	108281.0	151717.0	199038.0	249439.0	289073.0	330264.0	353013.0	384056.0	406959.0	414038.0	409775.0	716452.0	14548601.0
97.flexbar_trim.R_1	8077.0	19580.0	17803.0	14606.0	12490.0	12666.0	12570.0	14216.0	17265.0	23507.0	31938.0	47584.0	69895.0	104806.0	153235.0	206885.0	276562.0	350257.0	420623.0	458479.0	491929.0	504346.0	521655.0	515920.0	503368.0	473771.0	659740.0	10882913.0
97.flexbar_trim.R_2	7953.0	19249.0	17497.0	14316.0	12200.0	12413.0	12314.0	13945.0	16934.0	22940.0	31213.0	46486.0	68333.0	102411.0	150012.0	201655.0	269903.0	341315.0	409592.0	447168.0	478999.0	491116.0	514450.0	513503.0	502624.0	474691.0	695684.0	10937770.0
98.flexbar_trim.R_1	4205.0	21948.0	27134.0	25048.0	24884.0	23947.0	24397.0	26678.0	29992.0	36534.0	43063.0	54802.0	70713.0	91594.0	123440.0	161235.0	213391.0	268747.0	328218.0	374624.0	423184.0	459309.0	495349.0	509471.0	523265.0	511770.0	781868.0	15073632.0
98.flexbar_trim.R_2	4105.0	21485.0	26609.0	24481.0	24297.0	23355.0	23842.0	26077.0	29284.0	35599.0	41857.0	53370.0	68882.0	88989.0	120027.0	156103.0	207124.0	260583.0	318070.0	363837.0	410523.0	445312.0	488502.0	508472.0	523534.0	512944.0	809472.0	15135707.0
99.flexbar_trim.R_1	3991.0	11379.0	11424.0	9658.0	8762.0	8635.0	9029.0	9973.0	11616.0	14859.0	19284.0	27596.0	39279.0	57401.0	83761.0	116493.0	159923.0	206324.0	255071.0	295166.0	332951.0	354536.0	376207.0	389117.0	391035.0	381441.0	571871.0	11481954.0
99.flexbar_trim.R_2	3912.0	11194.0	11225.0	9483.0	8596.0	8536.0	8828.0	9713.0	11294.0	14299.0	18606.0	26627.0	38058.0	55551.0	81286.0	112747.0	154931.0	199254.0	246169.0	285041.0	321256.0	342873.0	369626.0	386398.0	389333.0	380910.0	603660.0	11529330.0
RESUB-116.flexbar_trim.R_1	8820.0	16645.0	11157.0	7589.0	5856.0	5339.0	5061.0	5284.0	6377.0	8401.0	11452.0	17985.0	26745.0	40846.0	62893.0	91493.0	126711.0	166593.0	207519.0	241139.0	272752.0	292509.0	308127.0	319012.0	323636.0	318530.0	518833.0	11404587.0
RESUB-116.flexbar_trim.R_2	8711.0	16407.0	10963.0	7435.0	5743.0	5169.0	4880.0	5068.0	6078.0	8014.0	10869.0	17239.0	25900.0	39658.0	61211.0	88759.0	122943.0	161306.0	200893.0	233481.0	264200.0	281421.0	301523.0	315733.0	321166.0	315641.0	552228.0	11439252.0
RESUB-156.flexbar_trim.R_1	15823.0	27644.0	16814.0	10838.0	7566.0	6636.0	5999.0	6396.0	7479.0	10105.0	14160.0	21723.0	32804.0	49666.0	76539.0	111375.0	153833.0	202985.0	246817.0	278444.0	309845.0	331862.0	346474.0	353129.0	352539.0	343540.0	536334.0	11421323.0
RESUB-156.flexbar_trim.R_2	15573.0	27227.0	16516.0	10632.0	7371.0	6396.0	5783.0	6103.0	7142.0	9715.0	13523.0	20961.0	31704.0	48208.0	74416.0	107613.0	148903.0	196008.0	237897.0	268939.0	298830.0	320512.0	340283.0	350364.0	351144.0	341637.0	577279.0	11458013.0
RESUB-36.flexbar_trim.R_1	4964.0	11553.0	9649.0	7708.0	6734.0	6338.0	6150.0	6756.0	7604.0	9900.0	12610.0	18136.0	25487.0	37631.0	56420.0	80631.0	112369.0	146982.0	184894.0	214407.0	246640.0	266368.0	283898.0	295341.0	301374.0	298586.0	492549.0	10824974.0
RESUB-36.flexbar_trim.R_2	4897.0	11382.0	9510.0	7567.0	6582.0	6224.0	6033.0	6605.0	7427.0	9569.0	12203.0	17475.0	24780.0	36579.0	55009.0	78193.0	109312.0	142549.0	179099.0	208161.0	239136.0	258477.0	279628.0	293652.0	301089.0	299385.0	542495.0	10823635.0
RESUB-76.flexbar_trim.R_1	4606.0	14568.0	14990.0	13090.0	12861.0	12868.0	13151.0	14797.0	16874.0	21394.0	26804.0	35665.0	49280.0	69597.0	99082.0	136184.0	184121.0	226430.0	273986.0	306946.0	340200.0	356883.0	371006.0	373889.0	372071.0	360266.0	518134.0	9525286.0
RESUB-76.flexbar_trim.R_2	4529.0	14335.0	14715.0	12814.0	12552.0	12564.0	12837.0	14410.0	16450.0	20815.0	25935.0	34731.0	47958.0	67723.0	96268.0	131863.0	178143.0	218665.0	264197.0	296201.0	328181.0	343563.0	363748.0	371013.0	369181.0	357033.0	530783.0	9603822.0
RESUB-94.flexbar_trim.R_1	11555.0	20424.0	12915.0	8401.0	6208.0	5611.0	5160.0	5647.0	6974.0	9218.0	13337.0	20613.0	30707.0	47567.0	72219.0	104152.0	143551.0	185913.0	229018.0	262512.0	297327.0	315330.0	329472.0	338038.0	339103.0	330981.0	542153.0	11929424.0
RESUB-94.flexbar_trim.R_2	11349.0	20073.0	12638.0	8224.0	6057.0	5435.0	4976.0	5406.0	6723.0	8758.0	12678.0	19871.0	29767.0	45946.0	69992.0	100410.0	138664.0	179249.0	220344.0	253217.0	285918.0	303827.0	324298.0	336938.0	338141.0	329093.0	581328.0	11964210.0
