-96737.2421875 -94894.1640625 -95895.3125000 -96442.4140625 -94650.2109375 -95603.5234375 -95195.6328125 -95039.8281250 -94942.3359375 -95892.4531250 -95096.4531250 -94437.9062500 -96472.9375000 -95351.7812500
-97479.8593750 -95484.5859375 -96579.0312500 -96715.1562500 -95404.0625000 -96007.6562500 -95706.5234375 -95651.2343750 -95597.0390625 -96565.3437500 -95732.5468750 -95017.3750000 -96855.1250000 -95946.8437500
-95845.3203125 -93560.1718750 -94835.6015625 -95271.4453125 -93324.4843750 -94233.3046875 -93941.8281250 -93725.4531250 -93620.3046875 -94758.0390625 -93693.0078125 -93047.7578125 -95631.3750000 -94092.8125000
-97404.4531250 -95495.2890625 -96482.0078125 -96735.5546875 -95433.9531250 -96141.4453125 -95881.1718750 -95609.9687500 -95592.8984375 -96264.9765625 -95627.4609375 -95234.3359375 -97319.8046875 -96058.2656250
-96746.3828125 -94535.1484375 -95578.9687500 -96143.7187500 -94313.1953125 -95230.5625000 -94816.9218750 -94526.4531250 -94728.1484375 -95521.8750000 -94700.3046875 -94014.3593750 -96332.7734375 -95033.7109375
-97584.5468750 -95671.5625000 -96869.4218750 -96973.4453125 -95403.8281250 -96236.3125000 -96051.5859375 -95840.4531250 -95725.3281250 -96613.2343750 -95889.8281250 -95273.9453125 -97324.0781250 -96208.8515625
-95948.6171875 -93655.6718750 -94979.1484375 -95667.2421875 -93716.7890625 -94703.3828125 -93980.4921875 -93992.5156250 -93871.7109375 -94818.3515625 -94077.4921875 -93298.6328125 -95683.0156250 -94673.4843750
-96064.7656250 -93959.3906250 -95253.1875000 -95673.0546875 -93712.7265625 -94837.0234375 -94360.1093750 -94148.6640625 -94079.4296875 -95216.2109375 -94398.0546875 -93580.1796875 -96072.9687500 -94747.1250000
-inf -inf -inf -inf -inf -inf -inf -inf -inf -inf -inf -inf -inf -inf
-96931.2109375 -95138.1718750 -95932.8203125 -96551.9062500 -94801.1406250 -95604.8281250 -95477.3906250 -95120.7734375 -94972.7578125 -95996.5625000 -95262.0781250 -94527.1406250 -96758.7421875 -95478.6015625
-97530.2500000 -95715.0703125 -96713.9140625 -97226.3046875 -95720.8593750 -96381.1718750 -96147.8515625 -95991.6953125 -95842.9218750 -96779.7500000 -95973.1953125 -95454.3046875 -97463.3203125 -96184.3671875
-96043.5156250 -94066.8828125 -95202.8984375 -95386.1562500 -93864.4062500 -94617.5312500 -94284.2031250 -94082.2578125 -94152.3437500 -95023.9921875 -94246.9375000 -93564.0546875 -95862.7500000 -94677.0390625
-96648.1484375 -94627.6640625 -95767.5156250 -96087.0859375 -94400.2187500 -95225.0859375 -94892.6875000 -94834.5937500 -94733.3281250 -95682.5625000 -94797.0234375 -94153.7031250 -96412.8203125 -95200.8593750
-96656.3125000 -94702.2343750 -95778.4140625 -96217.0390625 -94657.5234375 -95483.9218750 -94919.5937500 -94911.6015625 -94769.9765625 -95797.8750000 -95031.4765625 -94337.8437500 -96638.2265625 -95445.3125000
-96376.2500000 -94360.8593750 -95389.8203125 -95826.9609375 -94212.2734375 -94957.8046875 -94695.7187500 -94451.2343750 -94520.2734375 -95464.3671875 -94606.6406250 -93985.1484375 -96060.7968750 -94939.2421875
-96956.5234375 -94904.8828125 -96110.6171875 -96386.0546875 -94798.3671875 -95714.5234375 -95259.1718750 -95209.6640625 -94979.4218750 -95941.3828125 -95200.3437500 -94556.1484375 -96730.2656250 -95645.3828125
-96599.3593750 -94593.4453125 -95932.0000000 -96256.6718750 -94563.8671875 -95259.2109375 -95071.4531250 -94957.1953125 -94922.9687500 -95745.3593750 -94912.9296875 -94235.5000000 -96399.8437500 -95327.7656250
-96188.5937500 -94297.6718750 -95349.2812500 -95659.1875000 -94126.4531250 -94914.5156250 -94638.7265625 -94580.0234375 -94107.3125000 -95277.3281250 -94485.0703125 -93708.2578125 -95997.7890625 -94772.2031250
-96477.7890625 -94276.6328125 -95467.4375000 -95901.3046875 -94164.0234375 -94909.8046875 -94568.7656250 -94426.4375000 -94487.8906250 -95223.1328125 -94652.4218750 -93882.2109375 -96320.0312500 -94889.8984375
-96581.9140625 -94464.8593750 -95537.9921875 -96180.1718750 -94364.7187500 -95219.2890625 -94767.4218750 -94587.4921875 -94529.2968750 -95779.9531250 -94810.2265625 -94039.2578125 -96545.9687500 -95153.4453125
-96119.8437500 -93812.3437500 -95034.7734375 -95588.9687500 -93587.3984375 -94469.6953125 -94119.7890625 -94016.6171875 -93888.2656250 -94870.0546875 -94071.3828125 -93260.6171875 -96074.6250000 -94519.0546875
-95953.2968750 -94021.3203125 -94969.9609375 -95671.4531250 -93815.7656250 -94691.2656250 -94350.6796875 -94137.9140625 -94060.7421875 -95092.8984375 -94261.7578125 -93617.7812500 -96121.4296875 -94798.5781250
-96285.5390625 -93948.1562500 -95210.5703125 -95630.3593750 -93827.8125000 -94672.2265625 -94280.9687500 -94270.4375000 -94123.4375000 -95221.9453125 -94243.6250000 -93528.2031250 -95942.8515625 -94760.5703125
-107120.6328125 -105852.2812500 -106501.6640625 -106794.5234375 -105623.3125000 -106239.0937500 -106040.4843750 -105887.1015625 -105730.5468750 -106571.2109375 -105970.8515625 -105308.7656250 -107123.0078125 -106013.6093750
-96773.4765625 -94411.8515625 -95738.3359375 -96225.5312500 -94237.1875000 -95322.0000000 -94764.4609375 -94689.9453125 -94418.3515625 -95740.9687500 -94756.0781250 -94074.7734375 -96500.3359375 -95198.0703125
-96666.0234375 -94650.3125000 -95457.4375000 -95904.2968750 -94459.9296875 -95019.1250000 -94741.8593750 -94368.3437500 -94551.2421875 -95675.2187500 -94648.4375000 -93934.4609375 -96107.2187500 -95139.2187500
-96187.2812500 -93968.6328125 -95257.2031250 -95556.8906250 -93729.1328125 -94889.7187500 -94440.2578125 -94054.3828125 -94022.6718750 -95025.7968750 -94218.3203125 -93330.1171875 -95973.8906250 -94523.5156250
-96861.9921875 -94552.0078125 -95817.6250000 -96241.3281250 -94371.7968750 -95269.9453125 -94804.7578125 -94664.8281250 -94509.8125000 -95687.5546875 -94843.3437500 -93854.7734375 -96590.5937500 -95137.5078125
-96513.9140625 -94526.5390625 -95697.1171875 -96081.7890625 -94134.0546875 -95128.8046875 -94897.2890625 -94518.8593750 -94636.8906250 -95664.5468750 -94742.9531250 -93928.5781250 -96329.5625000 -94919.0234375
-96912.7265625 -95012.5234375 -96250.8984375 -96641.1875000 -94965.7031250 -95701.4843750 -95449.9218750 -95091.7734375 -95233.0312500 -96117.7031250 -95371.7421875 -94669.1796875 -96997.2890625 -95781.2187500
-96223.0937500 -94045.1796875 -95301.1953125 -95748.1250000 -93939.3906250 -94705.9609375 -94451.3828125 -94182.2890625 -94137.2265625 -95125.0546875 -94394.0859375 -93592.8671875 -96214.6718750 -94639.6718750
-96672.7656250 -94119.8203125 -95553.4687500 -95999.3046875 -93993.3359375 -95074.2109375 -94434.8281250 -94457.2578125 -94262.6796875 -95436.8359375 -94401.4296875 -93694.0000000 -96152.9140625 -94678.6250000
-96899.7890625 -94996.6093750 -96035.6796875 -96516.5000000 -95036.9531250 -95728.2031250 -95404.1328125 -95298.6015625 -95197.6171875 -95971.3281250 -95368.4687500 -94642.1093750 -96818.4687500 -95531.2656250
-96328.0156250 -94259.1640625 -95373.1875000 -96053.9531250 -94016.5859375 -94978.5234375 -94551.4531250 -94325.7109375 -94338.8281250 -95388.8125000 -94535.5703125 -93853.0625000 -96024.6328125 -94876.0234375
-inf -inf -inf -inf -inf -inf -inf -inf -inf -inf -inf -inf -inf -inf
-96370.0078125 -94345.1875000 -95449.3671875 -95804.8906250 -94225.8125000 -94882.1875000 -94788.7031250 -94371.5703125 -94334.8671875 -95200.3984375 -94581.8593750 -93997.0234375 -96345.6953125 -94771.4375000
-96606.2421875 -94565.8437500 -95696.7187500 -96174.1875000 -94578.9609375 -95281.0312500 -95055.3281250 -94789.0156250 -94798.6406250 -95567.7890625 -94850.1015625 -94289.1406250 -96453.2109375 -95095.7187500
-inf -inf -inf -inf -inf -inf -inf -inf -inf -inf -inf -inf -inf -inf
-97292.7890625 -95180.2500000 -96187.8203125 -96545.1484375 -95226.7812500 -95778.9531250 -95525.5625000 -95353.7109375 -95193.4921875 -96157.6406250 -95443.1796875 -94825.6953125 -96735.4453125 -95633.6328125
-96134.6875000 -93777.3828125 -94906.4921875 -95430.8125000 -93731.6875000 -94489.7031250 -94149.4062500 -93900.0390625 -93927.0468750 -95087.0937500 -93953.1093750 -93429.2734375 -95838.2656250 -94523.1406250
-96126.5234375 -93803.4375000 -95141.9531250 -95601.7421875 -93670.7968750 -94653.2656250 -94274.7500000 -93819.9765625 -94024.2109375 -95147.6406250 -94255.0234375 -93257.5546875 -96011.6796875 -94537.5390625
-96715.6171875 -94649.2031250 -95636.3593750 -96080.0000000 -94520.0937500 -95141.5781250 -94880.4921875 -94684.1171875 -94785.3828125 -95519.0078125 -94823.4218750 -94012.4375000 -96655.2187500 -95223.4140625
-96271.3906250 -93952.6953125 -95233.3046875 -95601.1796875 -93657.6953125 -94503.6406250 -94350.7265625 -93998.6484375 -94059.2421875 -95147.6953125 -94248.1796875 -93381.7578125 -96252.4765625 -94626.0468750
-96794.0312500 -94994.8750000 -96099.2734375 -96410.8906250 -94793.1093750 -95647.0781250 -95337.5390625 -95156.3203125 -95171.3906250 -96069.4687500 -95126.7812500 -94726.7421875 -96643.2890625 -95506.8984375
-96655.7265625 -94282.2343750 -95759.4296875 -95940.6640625 -94106.1718750 -95153.4218750 -94739.9687500 -94380.6250000 -94495.2500000 -95357.8671875 -94592.5156250 -93826.4609375 -96471.5156250 -94872.8984375
-96711.9218750 -94700.6171875 -95802.8437500 -96279.2421875 -94564.1406250 -95165.7109375 -94934.2890625 -94919.5859375 -94625.3906250 -95793.1484375 -94817.8984375 -94088.4296875 -96516.6640625 -95180.4531250
-96449.8359375 -94358.7265625 -95530.1484375 -95844.7890625 -94260.2734375 -94849.3828125 -94654.0468750 -94426.5703125 -94341.8281250 -95309.1484375 -94734.9296875 -93985.7265625 -96254.9921875 -95001.6250000
-96541.1171875 -94502.6875000 -95628.7031250 -95956.2421875 -94479.9531250 -95279.9531250 -94837.9062500 -94724.2343750 -94784.1562500 -95397.6015625 -94797.9531250 -94152.7343750 -96305.1953125 -95072.6093750
-96916.1718750 -94876.2500000 -95961.1718750 -96218.3281250 -94659.2343750 -95544.6953125 -95103.6953125 -94934.9140625 -95025.3125000 -95772.6250000 -95054.5625000 -94270.5468750 -96480.7421875 -95348.5468750
-96875.5390625 -95037.1796875 -96052.2187500 -96297.8750000 -94542.8750000 -95711.9609375 -95127.8437500 -94995.3359375 -94969.9687500 -95796.4921875 -95152.5781250 -94355.2656250 -96690.5546875 -95595.5000000
-96207.1562500 -93708.1406250 -94856.9609375 -95437.4375000 -93549.6093750 -94389.6796875 -94201.3593750 -93931.0234375 -93742.7578125 -94594.2578125 -93957.1015625 -93179.7031250 -95839.6640625 -94361.4687500
-96929.5937500 -94805.5390625 -95947.0546875 -96287.9765625 -94717.4531250 -95494.4921875 -95019.8437500 -94852.2734375 -94898.1875000 -95972.6328125 -95120.7812500 -94371.1328125 -96645.4531250 -95456.2109375
-inf -inf -inf -inf -inf -inf -inf -inf -inf -inf -inf -inf -inf -inf
-96126.2421875 -93976.6796875 -95085.1718750 -95818.7421875 -93975.7343750 -94723.9375000 -94229.7812500 -94141.3359375 -94114.7031250 -95094.4531250 -94353.7343750 -93636.9296875 -95876.1953125 -94655.4296875
-96142.5468750 -94050.5156250 -95222.6406250 -95806.8593750 -93993.5468750 -94650.8906250 -94497.1484375 -94131.0625000 -94053.4453125 -95131.8906250 -94140.9062500 -93571.4531250 -95956.3046875 -94885.5937500
-inf -inf -inf -inf -inf -inf -inf -inf -inf -inf -inf -inf -inf -inf
-96225.2343750 -94141.7812500 -95246.5000000 -95542.6875000 -93849.4218750 -94566.4062500 -94507.6562500 -94299.7343750 -94212.8515625 -95341.2031250 -94420.9218750 -93778.5078125 -96218.2890625 -94776.9531250
-96373.1093750 -94106.7109375 -95466.9531250 -95757.8515625 -93937.2109375 -94905.5781250 -94537.6406250 -94243.8671875 -94062.3515625 -95349.7812500 -94448.3906250 -93469.2890625 -96191.6562500 -94569.2812500
-96229.9062500 -94271.4375000 -95342.0000000 -95958.5859375 -94209.0703125 -94971.8203125 -94496.6015625 -94479.6953125 -94295.7109375 -95290.3281250 -94565.7187500 -93614.3046875 -96226.6015625 -94827.9921875
-96556.0937500 -94469.9687500 -95786.5312500 -96072.0078125 -94419.6796875 -95077.2265625 -94770.8593750 -94564.8359375 -94598.0312500 -95524.3906250 -94765.0312500 -94115.1562500 -96409.1406250 -95089.0781250
-96647.6875000 -94694.2500000 -95672.1875000 -96027.1250000 -94637.5625000 -95494.3750000 -95092.8984375 -94750.8750000 -94732.1250000 -95571.0859375 -94967.0703125 -94123.6406250 -96307.3828125 -95210.4453125
-96634.3593750 -94520.5703125 -95823.3984375 -96193.0546875 -94392.2968750 -95244.7890625 -94993.0390625 -94595.4921875 -94777.3515625 -95698.9218750 -94835.0781250 -94146.6796875 -96740.3828125 -95214.9609375
-96334.4531250 -94273.2265625 -95532.1406250 -95871.1718750 -94129.3750000 -94873.3281250 -94665.9609375 -94363.5546875 -94280.1093750 -95085.9453125 -94309.5937500 -93751.4609375 -96151.5312500 -94917.2187500
-97159.6328125 -95229.2968750 -96191.5859375 -96447.4921875 -95120.7656250 -95748.6562500 -95520.1171875 -95472.2734375 -95228.3515625 -96119.8671875 -95433.9687500 -94849.4453125 -96954.3281250 -95794.6875000
-97004.2109375 -95443.5078125 -96566.1562500 -96915.6328125 -95214.3203125 -96013.8281250 -95561.2578125 -95348.7968750 -95543.7265625 -96073.8671875 -95455.8515625 -94889.0781250 -96924.2109375 -95720.9921875
-97152.1484375 -95392.6953125 -96313.1484375 -96715.2109375 -95209.6875000 -95856.3828125 -95669.3046875 -95491.3828125 -95396.8750000 -96295.5937500 -95645.3671875 -95010.3437500 -96870.8593750 -95923.4140625
-96607.1562500 -94758.8828125 -95745.1093750 -95982.8203125 -94564.4609375 -95298.1171875 -95152.2265625 -94712.0234375 -94605.2578125 -95613.0703125 -94912.7265625 -94222.4843750 -96511.7500000 -95270.6250000
-96167.1328125 -93885.0468750 -95196.4453125 -95592.5781250 -93655.6796875 -94728.8906250 -94277.4921875 -93906.6875000 -93869.5703125 -95164.4531250 -94161.6328125 -93416.2968750 -96097.9375000 -94525.0468750
-95879.2968750 -93837.3984375 -94927.3515625 -95571.7578125 -93799.0468750 -94584.4531250 -94190.1718750 -94064.7343750 -93956.1484375 -94861.5781250 -94124.2187500 -93519.0546875 -95729.5546875 -94510.6250000
-96998.2109375 -95147.4296875 -96318.2656250 -96484.0468750 -95062.6406250 -95832.4531250 -95395.9140625 -95320.7890625 -95358.6171875 -96302.2578125 -95434.3359375 -94785.6953125 -96941.9609375 -95786.6328125
-96621.8515625 -94617.4531250 -95680.1640625 -96001.1250000 -94501.1796875 -95279.0078125 -94989.1093750 -94800.8593750 -94642.4218750 -95473.2968750 -94875.8671875 -94233.2421875 -96364.6562500 -95123.4843750
-97825.1093750 -96124.6328125 -97109.9296875 -97338.3828125 -96019.9453125 -96520.4843750 -96411.2968750 -96192.5703125 -96126.5781250 -96860.7734375 -96274.0234375 -95616.9765625 -97738.5078125 -96593.3593750
-97404.3515625 -95835.6093750 -96638.6562500 -96933.7500000 -95527.7812500 -96279.8125000 -95821.0390625 -95632.8593750 -95662.8906250 -96432.5625000 -95696.1328125 -95242.7187500 -97125.2421875 -96089.9531250
-97042.8593750 -94868.7031250 -95900.7968750 -96262.3984375 -94686.6328125 -95362.7656250 -95194.5781250 -94921.9453125 -94937.8281250 -95924.3203125 -95050.1640625 -94484.0625000 -96531.9375000 -95307.4687500
-96471.8203125 -94736.7265625 -95826.5781250 -96068.7812500 -94586.7968750 -95277.1796875 -94839.6875000 -94980.4531250 -94664.2187500 -95679.2109375 -94771.7812500 -94155.1875000 -96613.3203125 -95275.4843750
-97403.9921875 -95476.8984375 -96507.1796875 -96964.1093750 -95203.4453125 -96045.6562500 -95723.0390625 -95554.0234375 -95388.3750000 -96393.2265625 -95689.4296875 -95021.9531250 -97349.5312500 -96012.5625000
-97468.9453125 -95486.1796875 -96440.0703125 -96871.8593750 -95277.1953125 -96045.0390625 -95739.3203125 -95557.8359375 -95530.7421875 -96408.3593750 -95815.9843750 -95017.6640625 -97208.4765625 -95973.1015625
-96455.2109375 -94519.4375000 -95594.1484375 -96091.1406250 -94311.2265625 -95062.3437500 -94874.9921875 -94683.1796875 -94473.2734375 -95277.9218750 -94850.1796875 -93980.4375000 -96293.9375000 -95029.0703125
-96931.5390625 -95007.6484375 -96254.6093750 -96607.5078125 -94788.6875000 -95665.0546875 -95247.3750000 -95173.4453125 -95121.1484375 -95908.8437500 -95238.0390625 -94781.4296875 -96842.7890625 -95520.6406250
-96907.8671875 -95007.5781250 -96031.2109375 -96592.6562500 -94757.5234375 -95522.6171875 -95183.5234375 -94944.8593750 -94871.0156250 -95826.4140625 -95277.7343750 -94490.3281250 -96781.8671875 -95552.6093750
-96499.4062500 -94548.1796875 -95674.1562500 -96334.0781250 -94557.4062500 -95304.0156250 -94902.3359375 -94818.7343750 -94607.0468750 -95469.4843750 -94714.1484375 -94126.4687500 -96643.6562500 -95201.3281250
-96756.9531250 -94848.1406250 -96034.6484375 -96294.8515625 -94735.1562500 -95482.7187500 -95199.1718750 -94945.7109375 -95050.8046875 -95885.9296875 -95301.6875000 -94590.1718750 -96694.8828125 -95471.6640625
-96378.1250000 -94467.8593750 -95609.2968750 -96166.6796875 -94403.5859375 -95155.8281250 -94651.3437500 -94640.5781250 -94388.4453125 -95466.4921875 -94599.5859375 -93891.8046875 -96098.7968750 -95154.3203125
-96959.5859375 -95120.0000000 -96089.0000000 -96470.4687500 -95081.9375000 -95856.8437500 -95555.4140625 -95216.1406250 -95286.5781250 -96048.9375000 -95413.3515625 -94688.0000000 -96971.9921875 -95488.8515625
-96396.0937500 -94316.3515625 -95467.1640625 -95932.7656250 -94221.8046875 -95040.2343750 -94620.7109375 -94323.6406250 -94362.2031250 -95497.0703125 -94613.7656250 -93729.3281250 -96114.5078125 -94958.6562500
-96937.5625000 -94933.9921875 -95995.3906250 -96254.2187500 -94716.2578125 -95446.8203125 -95318.9921875 -94948.9531250 -94978.0468750 -95797.9375000 -95168.2890625 -94535.2421875 -96719.1718750 -95615.4296875
-96973.0234375 -95099.7265625 -96417.9921875 -96598.7968750 -94975.2656250 -95876.2187500 -95330.0390625 -95377.9687500 -95159.5546875 -96218.3046875 -95294.3984375 -94747.0312500 -96800.7187500 -95746.0859375
-96122.8750000 -94263.0546875 -95450.7734375 -95842.5078125 -94142.0937500 -95002.5000000 -94566.6562500 -94376.1718750 -94302.8203125 -95291.7343750 -94663.5625000 -93791.1718750 -96045.2500000 -94840.2109375
-96557.7656250 -94611.2265625 -95589.0859375 -96031.9062500 -94430.3359375 -95154.5781250 -94996.6484375 -94679.6171875 -94627.2265625 -95577.5312500 -94907.6718750 -93923.0937500 -96533.3203125 -95030.6562500
-96799.0234375 -94872.8046875 -95992.0156250 -96347.4296875 -94790.0156250 -95567.1250000 -95283.6171875 -95073.4140625 -95177.6875000 -95848.0937500 -95220.3125000 -94573.8515625 -96629.7968750 -95572.8046875
-97069.6718750 -95274.9609375 -96282.2031250 -96730.8281250 -94930.5000000 -95888.1250000 -95535.6718750 -95238.0000000 -95273.5390625 -96098.6796875 -95287.0468750 -94666.6406250 -96834.9609375 -95683.6093750
-96798.9531250 -94763.9296875 -95835.2187500 -96404.6640625 -94714.4921875 -95549.3828125 -95140.3906250 -94915.0703125 -94975.1640625 -95813.2968750 -94982.0546875 -94408.6093750 -96757.2578125 -95418.4687500
-96932.7656250 -95053.2890625 -96117.9609375 -96606.2890625 -95090.2968750 -95923.6953125 -95415.0312500 -95271.7187500 -95262.7656250 -96066.6796875 -95241.5546875 -94887.7500000 -96739.8515625 -95654.4687500
-96693.8750000 -94637.0859375 -95516.9609375 -96218.0859375 -94379.8828125 -95346.3281250 -94947.2187500 -94766.9140625 -94648.8828125 -95605.4843750 -94783.0703125 -94066.4375000 -96455.2656250 -95332.2890625
-96960.0781250 -95203.7812500 -96105.9140625 -96376.0390625 -95017.2656250 -95776.9843750 -95416.0078125 -95268.9921875 -95198.9765625 -96097.7031250 -95342.4687500 -94633.1796875 -96755.9218750 -95758.0781250
-96957.2734375 -94915.1093750 -96070.4218750 -96239.0937500 -94906.8593750 -95509.9218750 -95147.0625000 -95034.9375000 -94912.7890625 -96053.0390625 -95109.3437500 -94357.8750000 -96465.1640625 -95430.6953125
-96493.5078125 -94407.4453125 -95503.2734375 -96200.6250000 -94182.7109375 -95177.8750000 -94619.1953125 -94606.2734375 -94455.3750000 -95504.5078125 -94704.5859375 -93975.8046875 -96378.1875000 -94958.0546875
-96550.1796875 -94226.2890625 -95467.5781250 -96000.9921875 -94113.9765625 -94867.3828125 -94650.3359375 -94436.7265625 -94430.8203125 -95556.9375000 -94622.7265625 -93749.2578125 -96256.8828125 -94868.3906250
-96904.3359375 -95129.4531250 -96256.6718750 -96604.7343750 -95045.5000000 -95842.1015625 -95606.2656250 -95221.8515625 -95201.1484375 -96091.6406250 -95373.4921875 -94671.0937500 -96750.6718750 -95628.2890625
-96437.9375000 -94501.8593750 -95435.1406250 -96106.4296875 -94280.8828125 -95205.0078125 -95000.9453125 -94729.6406250 -94614.1484375 -95477.3984375 -94907.0234375 -94226.3906250 -96439.9062500 -95131.5000000
-96343.0546875 -94635.7031250 -95537.5312500 -95969.8281250 -94373.2109375 -95091.7031250 -94797.6640625 -94585.2031250 -94561.6171875 -95466.6484375 -94704.5859375 -94062.8125000 -96327.4140625 -95162.7578125
-96588.3984375 -94758.1640625 -95803.1640625 -96152.5234375 -94736.2968750 -95280.1328125 -95116.2265625 -94968.0078125 -94797.2187500 -95825.5312500 -95167.9218750 -94356.2968750 -96599.1250000 -95440.7812500
-96533.3906250 -94853.3671875 -95897.3281250 -96398.3203125 -94708.4375000 -95485.6953125 -95152.5703125 -95014.6640625 -94900.3906250 -95960.5000000 -95174.6484375 -94425.8750000 -96682.3046875 -95380.0937500
-96897.8046875 -95104.1953125 -96221.4687500 -96556.8125000 -94823.3437500 -95736.5312500 -95311.1015625 -95185.8750000 -95024.8671875 -95888.9843750 -95196.4921875 -94635.7890625 -96886.8671875 -95594.2656250
-97387.3125000 -95192.1562500 -96167.8203125 -96596.6875000 -94941.4296875 -95874.3046875 -95396.5156250 -95329.3281250 -95166.0546875 -96207.6875000 -95362.6328125 -94729.5156250 -96936.8593750 -95827.8828125
-97529.1953125 -95498.9296875 -96805.6875000 -97044.0859375 -95582.2500000 -96349.3750000 -95819.4531250 -95616.5078125 -95766.0625000 -96526.0468750 -95773.4687500 -95153.5625000 -97508.5468750 -96126.5937500
-96971.1640625 -95166.0703125 -96163.6875000 -96381.5156250 -94937.8984375 -95685.8750000 -95401.1562500 -95236.3437500 -95233.1640625 -95845.2890625 -95218.9453125 -94580.3046875 -96957.5625000 -95813.1875000
-97294.2578125 -95450.7109375 -96403.3906250 -96848.4765625 -95310.5859375 -96181.8671875 -95707.6015625 -95551.9921875 -95719.0625000 -96419.1640625 -95611.3125000 -95061.5390625 -97081.6171875 -96023.8125000
-96256.1640625 -94427.9062500 -95544.0000000 -95941.0703125 -94387.8046875 -95269.8515625 -94654.2265625 -94622.6406250 -94592.5156250 -95420.8593750 -94611.7578125 -93940.3437500 -96166.5781250 -95068.0000000
-96378.9375000 -94166.3203125 -95254.3046875 -95736.4140625 -94008.5234375 -94872.1015625 -94444.7031250 -94216.3203125 -94257.4843750 -95200.4609375 -94381.1171875 -93774.1875000 -96055.1796875 -94884.1328125
-97099.4296875 -94848.3203125 -96015.1171875 -96279.6718750 -94686.7812500 -95478.9140625 -95214.0781250 -94956.4453125 -94971.7890625 -96049.5000000 -95177.7734375 -94342.7968750 -96933.1093750 -95586.0000000
-96191.8750000 -93773.8906250 -95200.7109375 -95543.9609375 -93524.1093750 -94597.3593750 -94183.2109375 -93843.5625000 -93851.7421875 -95027.1562500 -93973.1328125 -93144.0468750 -95886.3281250 -94309.9140625
-96672.1718750 -94664.4062500 -95696.2187500 -96281.0156250 -94650.6171875 -95316.1015625 -95004.5468750 -94927.6640625 -94844.0781250 -95679.1250000 -94878.1953125 -94400.6250000 -96578.5468750 -95314.2812500
-96792.7812500 -94473.1484375 -95739.2812500 -96064.8203125 -94476.1171875 -95341.6093750 -94812.7187500 -94775.6250000 -94664.8437500 -95628.7734375 -94656.0156250 -94165.9218750 -96603.2578125 -95316.3593750
-96740.9687500 -94243.4531250 -95585.9218750 -96054.5390625 -94275.6562500 -95281.4375000 -94814.6796875 -94623.5234375 -94503.3984375 -95649.9062500 -94789.9375000 -94105.0468750 -96451.6406250 -95293.5312500
-96647.9531250 -94744.0000000 -95891.8281250 -96275.9921875 -94769.8046875 -95383.7031250 -94986.9765625 -94966.2187500 -94823.0546875 -95696.0859375 -94995.9062500 -94371.8515625 -96672.3203125 -95414.9765625
-97325.5859375 -95463.8515625 -96534.5000000 -97037.3281250 -95287.2421875 -96043.7734375 -95787.0546875 -95589.3828125 -95372.3750000 -96454.3750000 -95657.1562500 -95119.7265625 -97128.1093750 -96013.9375000
-96292.1875000 -94145.2031250 -95311.3046875 -95843.6093750 -93917.7656250 -94770.3046875 -94526.4921875 -94161.8515625 -94142.8281250 -95215.7421875 -94153.1328125 -93450.0000000 -96145.8125000 -94704.0937500
-97118.8359375 -95243.9765625 -96357.1953125 -96740.7812500 -95104.6250000 -95850.7343750 -95472.7578125 -95346.0234375 -95269.6718750 -96246.0312500 -95522.0000000 -94863.5546875 -96979.0234375 -95744.8750000
-96233.9687500 -93989.3359375 -95179.3984375 -95781.9296875 -93856.4843750 -94616.5781250 -94482.1875000 -94148.0781250 -94106.2265625 -95164.8515625 -94216.7109375 -93591.6406250 -96060.3593750 -94723.1562500
-96512.1484375 -94200.6484375 -95508.4062500 -95839.2968750 -94230.6953125 -94938.4062500 -94737.1875000 -94456.5234375 -94337.1015625 -95430.9687500 -94449.3828125 -93682.7968750 -96137.8593750 -94880.1015625
-96650.7968750 -94584.5078125 -95582.0234375 -96198.9921875 -94494.6953125 -95423.4609375 -94967.0937500 -94651.6953125 -94599.8046875 -95632.1640625 -94835.5000000 -94050.6718750 -96309.9062500 -95188.2265625
-96193.7734375 -93940.4765625 -95233.8203125 -95711.1640625 -93668.5000000 -94706.2968750 -94373.8281250 -94141.3906250 -93987.0703125 -95138.5390625 -94191.7265625 -93502.2968750 -96070.3671875 -94478.0312500
-96460.1718750 -94545.3750000 -95527.2578125 -95916.7265625 -94398.8671875 -95121.7578125 -94753.8281250 -94577.4765625 -94524.7421875 -95457.3359375 -94729.3515625 -94162.8984375 -96301.8750000 -95223.6250000
-96517.8515625 -94529.5859375 -95662.5312500 -96237.5625000 -94244.6250000 -95236.6171875 -94795.9140625 -94540.5625000 -94808.0156250 -95704.5781250 -94823.2734375 -94028.6093750 -96683.4218750 -95353.3906250
-96193.9765625 -94104.3281250 -95250.2812500 -95425.7343750 -93855.3359375 -94743.1484375 -94397.8984375 -94220.0468750 -94130.8203125 -95161.3125000 -94469.5078125 -93487.1562500 -96080.7656250 -94663.3203125
-96209.0625000 -94382.6015625 -95336.7578125 -95950.0312500 -94169.5781250 -95168.6406250 -94616.9531250 -94544.9218750 -94560.9062500 -95408.8671875 -94508.4921875 -93990.8046875 -96097.1562500 -94823.4765625
-96758.8750000 -94586.4609375 -95909.9218750 -96212.4531250 -94722.0078125 -95381.8281250 -94923.6953125 -94954.6250000 -94801.4375000 -95783.0000000 -94952.2031250 -94317.6406250 -96650.8046875 -95519.1718750
-95914.4609375 -93644.5859375 -94812.5546875 -95352.6093750 -93572.6406250 -94345.1171875 -93949.4140625 -93784.1406250 -93742.8593750 -94731.6406250 -94100.1562500 -93039.4453125 -95795.9609375 -94212.3125000
-96675.2578125 -94679.9453125 -95805.8671875 -96171.0156250 -94554.0859375 -95358.0859375 -95045.8046875 -94898.8593750 -94854.0078125 -95900.1562500 -94944.5625000 -94411.3125000 -96599.1953125 -95336.8906250
-96192.8281250 -93942.9687500 -95255.7656250 -95639.0625000 -93882.8046875 -94491.9609375 -94403.2421875 -94025.9218750 -94027.4062500 -95189.9765625 -94294.6328125 -93584.3515625 -96045.0859375 -94611.3281250
-96336.7812500 -94246.4609375 -95391.3046875 -95886.5468750 -94026.5390625 -94766.2109375 -94593.5781250 -94386.6171875 -94344.1796875 -95503.1406250 -94560.5078125 -93780.8281250 -96301.4296875 -94892.0625000
-96877.4687500 -94849.8828125 -95821.5781250 -96431.2500000 -94675.0234375 -95421.7578125 -95209.1171875 -94912.3437500 -94816.7656250 -95850.9140625 -95041.5390625 -94373.0781250 -96483.1406250 -95273.6875000
-96561.3046875 -94661.4140625 -95644.5078125 -96176.3203125 -94546.0937500 -95371.7890625 -94962.7109375 -94659.6015625 -94657.0859375 -95590.8828125 -94808.1093750 -94046.0234375 -96388.1250000 -95289.5078125
-96759.1250000 -95040.6328125 -96103.9218750 -96490.8593750 -94814.9296875 -95496.9687500 -95454.9296875 -95222.7109375 -95209.5468750 -95988.0468750 -95277.3281250 -94683.4140625 -96722.0312500 -95676.4765625
-96905.2421875 -94960.3750000 -95964.4296875 -96396.0078125 -94849.4375000 -95576.2656250 -95290.7421875 -95073.5312500 -94922.0703125 -95865.9140625 -95258.2890625 -94635.3671875 -96690.1406250 -95573.3671875
-97382.5937500 -95511.1171875 -96459.3515625 -96934.9921875 -95295.5937500 -96058.1328125 -95767.8125000 -95584.7968750 -95505.5000000 -96294.0390625 -95639.5859375 -94955.1953125 -97280.3203125 -95939.0156250
-96289.9765625 -94107.5859375 -95358.9375000 -95658.9296875 -93838.2500000 -94893.2734375 -94366.0312500 -94256.6562500 -94179.9140625 -95107.6406250 -94424.4921875 -93616.6875000 -96089.2812500 -94710.8671875
-96682.9843750 -94658.9609375 -95819.4375000 -96165.2656250 -94537.0781250 -95391.0234375 -95031.0078125 -94922.0937500 -94769.0078125 -95643.6484375 -95134.1328125 -94312.0234375 -96571.3046875 -95367.0000000
-96749.9765625 -94681.5781250 -95889.5390625 -96191.4218750 -94478.7578125 -95259.0312500 -95097.8671875 -94773.9062500 -94493.1250000 -95606.3671875 -94842.6875000 -94216.4687500 -96475.2500000 -95356.2343750
-96905.8281250 -94935.8906250 -96138.4843750 -96446.8515625 -94661.1406250 -95515.5781250 -95217.4218750 -95049.0859375 -94938.4921875 -95970.0937500 -95250.6875000 -94504.9531250 -96834.4296875 -95433.5546875
-97108.4296875 -95309.2187500 -96117.3515625 -96645.6562500 -95067.5390625 -95908.5546875 -95546.0625000 -95405.1953125 -95317.7734375 -96030.8984375 -95495.8515625 -94879.5234375 -96789.1953125 -95765.5859375
-96474.2265625 -94808.0000000 -95922.9609375 -96288.2656250 -94710.4765625 -95394.0625000 -95008.0156250 -94803.5625000 -94858.6015625 -95817.1250000 -94968.9062500 -94280.0390625 -96442.0078125 -95247.9375000
-96625.1250000 -94615.5312500 -95786.7031250 -96076.1640625 -94483.4140625 -95252.9296875 -94785.5703125 -94833.9843750 -94803.3906250 -95624.7343750 -94735.0156250 -94197.9453125 -96260.1796875 -95294.3437500
-96291.5312500 -94379.3125000 -95485.7031250 -95886.1406250 -94095.9375000 -94845.0312500 -94474.4140625 -94424.2656250 -94230.1015625 -95361.0546875 -94464.7031250 -93811.1562500 -96076.1875000 -94802.2109375
-96887.2031250 -95150.2343750 -96137.3750000 -96378.9375000 -95045.5781250 -95660.4843750 -95372.4375000 -95218.0390625 -95187.4375000 -96147.0468750 -95402.8515625 -94662.7265625 -96625.5781250 -95661.5000000
-96861.5390625 -94821.4062500 -96084.0234375 -96390.2968750 -94803.6093750 -95549.2812500 -95054.4375000 -95039.6875000 -94937.1796875 -95797.5859375 -95155.1093750 -94438.8828125 -96562.3046875 -95480.3515625
-96646.3750000 -94684.0546875 -95727.2578125 -95945.3281250 -94580.2109375 -95188.7109375 -94877.3671875 -94823.8046875 -94724.3515625 -95706.9375000 -94866.9921875 -94229.6875000 -96454.0078125 -95186.8750000
-96950.3671875 -95242.7031250 -96208.5781250 -96578.0000000 -95055.6562500 -95877.3906250 -95494.0312500 -95159.3515625 -95249.9140625 -96264.8515625 -95490.8203125 -94671.5390625 -96885.7734375 -95478.0781250
-96387.2500000 -94330.2343750 -95451.8515625 -95934.0781250 -94255.3906250 -95125.1406250 -94811.8046875 -94433.5000000 -94462.8515625 -95309.0312500 -94640.2265625 -93918.9609375 -96246.5703125 -94943.7187500
-96806.8671875 -95249.5546875 -96183.1562500 -96538.1796875 -95050.6640625 -95692.9531250 -95592.8359375 -95555.6484375 -95253.4843750 -95883.0937500 -95345.8593750 -94729.9140625 -96975.1562500 -95627.0078125
-96771.1562500 -94664.6718750 -95877.4453125 -95980.3281250 -94420.9218750 -95242.9687500 -94985.9531250 -94713.6640625 -94691.0546875 -95756.6562500 -94863.1015625 -94089.6328125 -96512.4843750 -95266.6718750
-97120.4687500 -94697.7578125 -96182.1328125 -96376.2031250 -94756.6562500 -95401.4687500 -95198.5781250 -95013.1250000 -94979.8671875 -95878.9843750 -95084.0390625 -94315.4296875 -96748.5000000 -95585.6250000
-96546.0156250 -94757.3125000 -95787.9609375 -96291.4921875 -94673.6093750 -95261.3593750 -95078.2578125 -94736.1875000 -94836.6093750 -95615.6484375 -94903.6875000 -94247.8828125 -96445.6093750 -95401.4609375
-96448.2812500 -94369.5468750 -95399.4921875 -95677.2187500 -94168.7812500 -94968.1093750 -94793.6953125 -94536.4765625 -94430.1250000 -95557.7031250 -94700.4609375 -93843.3281250 -96389.4296875 -95024.8906250
-96806.7421875 -94517.6875000 -95931.9609375 -96244.9921875 -94469.3281250 -95351.2421875 -95094.6328125 -94786.2890625 -94641.7812500 -95725.1015625 -94917.7968750 -94111.6953125 -96486.2109375 -95248.3281250
-97019.0156250 -95211.3359375 -96331.6250000 -96620.1953125 -95112.0781250 -95736.6640625 -95468.8515625 -95283.1406250 -95288.8281250 -96136.2031250 -95373.4843750 -94685.4843750 -96837.2812500 -95680.6796875
