-2156.4472656 -2100.2395020 -2099.6240234 -2126.7670898 -2069.2207031 -2112.8867188 -2162.7661133 -2082.9545898 -2093.2099609 -2118.6132812 -2104.1032715 -2057.8654785 -2110.4077148 -2096.1833496
-2230.8740234 -2178.1679688 -2215.9477539 -2245.4584961 -2155.9475098 -2189.5773926 -2217.7346191 -2178.6459961 -2189.4045410 -2194.4245605 -2187.6647949 -2185.6286621 -2228.8120117 -2185.4580078
-2159.5051270 -2100.2026367 -2119.3027344 -2173.4877930 -2088.4846191 -2167.6130371 -2152.0715332 -2127.0329590 -2099.7907715 -2121.8139648 -2088.5048828 -2070.0854492 -2132.5148926 -2105.7690430
-2201.8298340 -2165.6628418 -2163.3215332 -2195.3330078 -2118.1948242 -2174.1962891 -2181.1235352 -2145.1342773 -2142.5847168 -2167.6445312 -2159.9606934 -2127.9306641 -2156.6303711 -2104.9345703
-2187.6098633 -2150.4709473 -2156.4528809 -2217.6015625 -2140.0200195 -2208.8232422 -2183.6359863 -2161.9531250 -2146.5961914 -2126.6220703 -2161.1240234 -2116.7551270 -2142.5285645 -2142.7221680
-2111.8315430 -2088.7548828 -2104.2885742 -2150.2209473 -2112.9655762 -2161.5588379 -2142.9331055 -2098.1657715 -2104.0366211 -2105.0866699 -2109.1477051 -2080.8408203 -2108.7897949 -2089.5817871
-2148.1455078 -2098.4787598 -2140.6049805 -2202.3383789 -2116.7600098 -2163.9553223 -2124.7055664 -2103.2663574 -2104.6130371 -2129.6560059 -2134.5153809 -2083.2087402 -2159.3884277 -2132.2143555
-2217.2253418 -2152.1645508 -2211.1062012 -2264.2756348 -2190.7502441 -2224.8991699 -2178.2924805 -2201.7246094 -2186.7153320 -2206.2915039 -2156.8967285 -2169.2861328 -2232.4809570 -2185.2739258
-2197.6569824 -2157.5397949 -2154.7839355 -2206.2458496 -2108.9606934 -2166.6931152 -2169.8652344 -2147.3479004 -2137.6499023 -2157.2578125 -2145.2058105 -2111.8574219 -2137.0571289 -2129.6247559
-2152.3012695 -2116.8547363 -2102.9738770 -2196.3195801 -2091.5673828 -2175.4475098 -2156.8681641 -2128.7492676 -2099.3608398 -2111.8049316 -2105.6308594 -2096.8493652 -2127.1369629 -2108.2062988
-2218.0971680 -2178.8178711 -2167.4577637 -2200.4184570 -2144.3950195 -2154.1882324 -2215.9631348 -2123.4689941 -2147.3981934 -2166.6096191 -2171.1115723 -2120.6950684 -2125.8740234 -2141.1206055
-2147.4238281 -2082.0366211 -2133.3725586 -2211.7160645 -2071.6804199 -2162.2622070 -2144.3825684 -2112.9912109 -2091.1223145 -2114.6186523 -2102.5078125 -2052.8251953 -2092.8642578 -2087.9445801
-2184.8083496 -2151.3139648 -2171.6252441 -2194.2739258 -2120.2229004 -2176.7211914 -2191.5341797 -2119.4980469 -2137.7419434 -2142.3576660 -2144.4990234 -2103.2834473 -2147.4682617 -2121.0566406
-2214.7177734 -2143.2697754 -2200.4812012 -2207.0471191 -2116.3828125 -2135.8049316 -2171.7180176 -2159.3281250 -2132.6264648 -2176.1345215 -2153.4003906 -2149.3962402 -2199.6086426 -2162.6113281
-2196.7175293 -2161.6254883 -2151.7053223 -2236.5981445 -2132.3454590 -2200.2568359 -2173.8928223 -2168.0246582 -2146.3349609 -2167.0454102 -2141.8132324 -2105.9821777 -2181.2392578 -2158.9902344
-2124.9428711 -2094.6074219 -2123.7316895 -2185.9091797 -2070.4638672 -2165.8007812 -2130.0046387 -2078.3325195 -2074.9106445 -2114.0168457 -2113.2617188 -2063.2436523 -2124.1879883 -2077.2333984
-2120.2805176 -2122.9187012 -2111.3696289 -2169.6997070 -2086.8251953 -2139.5971680 -2148.7885742 -2111.7360840 -2127.4938965 -2128.2854004 -2137.5000000 -2093.3574219 -2143.3767090 -2104.6394043
-2143.0729980 -2145.8518066 -2114.8022461 -2184.2724609 -2098.2526855 -2145.5187988 -2156.5708008 -2105.3776855 -2104.0983887 -2131.6333008 -2145.5983887 -2067.7243652 -2136.5427246 -2105.4963379
-2214.4521484 -2164.6086426 -2175.0419922 -2209.1508789 -2112.2145996 -2183.0114746 -2201.4733887 -2143.1347656 -2166.4541016 -2154.5649414 -2158.0068359 -2123.3193359 -2154.3117676 -2157.3383789
-2236.6140137 -2201.8608398 -2165.5568848 -2269.8757324 -2140.7316895 -2210.9619141 -2229.8046875 -2184.5561523 -2178.1367188 -2208.3542480 -2192.9826660 -2128.7690430 -2200.2768555 -2153.0812988
-2135.4550781 -2107.7712402 -2136.0930176 -2173.4436035 -2090.9064941 -2160.5058594 -2125.4956055 -2110.1955566 -2116.1325684 -2158.8415527 -2089.4611816 -2100.0148926 -2147.6904297 -2094.1542969
-2127.3867188 -2092.0747070 -2124.3825684 -2177.2932129 -2070.9455566 -2154.0312500 -2135.1464844 -2086.2480469 -2073.6679688 -2118.9663086 -2116.8574219 -2053.5969238 -2124.8718262 -2088.6379395
-2234.5849609 -2174.3098145 -2161.8886719 -2196.3911133 -2110.2846680 -2171.3383789 -2193.6958008 -2133.1374512 -2166.3962402 -2126.6630859 -2150.7216797 -2106.2814941 -2177.0771484 -2135.7441406
-2285.0273438 -2306.6032715 -2318.7236328 -2346.4145508 -2308.0402832 -2312.1220703 -2330.5942383 -2282.2390137 -2330.1044922 -2306.0598145 -2286.9875488 -2295.3295898 -2314.8791504 -2267.1140137
-2193.2189941 -2128.9836426 -2175.9057617 -2192.8488770 -2112.9094238 -2166.7456055 -2126.2910156 -2143.3049316 -2121.4484863 -2136.8359375 -2145.1772461 -2131.1528320 -2159.1657715 -2125.7941895
-2193.1442871 -2119.2373047 -2136.0004883 -2188.6252441 -2085.3928223 -2160.2966309 -2188.8937988 -2124.8298340 -2128.0344238 -2124.3366699 -2135.0637207 -2077.9448242 -2116.8574219 -2115.7607422
-2157.9204102 -2118.1506348 -2155.2922363 -2183.1503906 -2071.2580566 -2154.2700195 -2153.1320801 -2094.5441895 -2120.5053711 -2116.6481934 -2125.2041016 -2076.2556152 -2141.5849609 -2099.2995605
-2202.3395996 -2150.6394043 -2162.4785156 -2201.6848145 -2128.2705078 -2168.2753906 -2184.6411133 -2125.4270020 -2138.5307617 -2175.5126953 -2166.7941895 -2104.9401855 -2166.5285645 -2143.5971680
-2235.0568848 -2168.3574219 -2145.0541992 -2201.3159180 -2090.7346191 -2180.4389648 -2208.1286621 -2121.3374023 -2150.4235840 -2172.9880371 -2158.9213867 -2099.4812012 -2167.0156250 -2143.6030273
-2207.6232910 -2167.7468262 -2176.5495605 -2220.5969238 -2130.4421387 -2210.9643555 -2208.5151367 -2163.3452148 -2170.4484863 -2179.3645020 -2156.3657227 -2122.3427734 -2170.5729980 -2152.0366211
-2202.3554688 -2140.9206543 -2151.4375000 -2166.4948730 -2111.1196289 -2163.7041016 -2203.5283203 -2107.2993164 -2141.9963379 -2137.6564941 -2173.4311523 -2101.5427246 -2135.1520996 -2123.2583008
-2183.0900879 -2155.2785645 -2158.0468750 -2194.5441895 -2107.5314941 -2166.5078125 -2205.8383789 -2132.2856445 -2130.8408203 -2167.8242188 -2160.8635254 -2101.0966797 -2152.3486328 -2126.9892578
-2170.9504395 -2134.2543945 -2127.4904785 -2171.1608887 -2101.3217773 -2147.7961426 -2164.3903809 -2110.0449219 -2107.9108887 -2155.4082031 -2116.1503906 -2066.4863281 -2123.5676270 -2112.5737305
-2132.6181641 -2072.3205566 -2108.4875488 -2158.8251953 -2070.0161133 -2130.6755371 -2122.6083984 -2086.3493652 -2076.8229980 -2101.3400879 -2080.3542480 -2067.1918945 -2077.9084473 -2056.3732910
-2280.0686035 -2244.0639648 -2295.0173340 -2282.9602051 -2245.8244629 -2241.7485352 -2264.4211426 -2243.8598633 -2220.7729492 -2254.9309082 -2253.4003906 -2241.7570801 -2271.6142578 -2256.5434570
-2156.6428223 -2078.5209961 -2114.7341309 -2157.4943848 -2067.6835938 -2130.4892578 -2142.1547852 -2096.6320801 -2078.6560059 -2098.8081055 -2080.2116699 -2038.5893555 -2094.3664551 -2061.2138672
-2125.4255371 -2113.5449219 -2134.8911133 -2166.0837402 -2084.5800781 -2154.3857422 -2119.5788574 -2088.1191406 -2105.9477539 -2139.7351074 -2118.6535645 -2061.0576172 -2135.5241699 -2079.3317871
-2206.2023926 -2154.8349609 -2159.2231445 -2209.3100586 -2126.3430176 -2195.6250000 -2181.2126465 -2130.1547852 -2147.2905273 -2173.8229980 -2144.2082520 -2128.7915039 -2179.3898926 -2148.5375977
-2193.6984863 -2147.0207520 -2157.2382812 -2183.0866699 -2100.6584473 -2181.0759277 -2192.5510254 -2125.4831543 -2137.1777344 -2137.7961426 -2162.8291016 -2101.0725098 -2142.7043457 -2116.5043945
-2185.9831543 -2139.8942871 -2150.6789551 -2199.0083008 -2123.5031738 -2183.5600586 -2171.0048828 -2100.4257812 -2129.5551758 -2132.0603027 -2172.7470703 -2080.8725586 -2137.9174805 -2135.9758301
-2149.1552734 -2109.8791504 -2112.1550293 -2152.7387695 -2050.4753418 -2118.8103027 -2146.6005859 -2098.5300293 -2090.6789551 -2107.3115234 -2110.7673340 -2065.8776855 -2120.7795410 -2080.5949707
-2314.0900879 -inf -2226.8110352 -2299.0666504 -2178.5817871 -2280.8137207 -2289.1247559 -inf -2256.7590332 -inf -2170.1130371 -2118.4265137 -2170.7844238 -2148.4177246
-2214.7292480 -2164.2917480 -2159.8449707 -2196.6250000 -2123.9379883 -2186.2087402 -2213.9555664 -2123.9494629 -2152.1193848 -2165.7465820 -2182.4077148 -2126.6262207 -2169.6337891 -2166.0178223
-2132.9072266 -2123.7983398 -2110.1093750 -2162.0803223 -2075.1035156 -2142.8049316 -2120.0888672 -2089.7990723 -2096.8813477 -2077.1447754 -2124.9785156 -2052.5363770 -2116.6721191 -2074.7231445
-2167.0385742 -2109.1445312 -2127.4270020 -2166.6359863 -2068.8166504 -2153.5664062 -2145.1801758 -2098.3166504 -2111.0263672 -2122.1726074 -2115.1569824 -2057.7319336 -2107.7263184 -2100.8996582
-2185.5759277 -2145.6042480 -2165.4350586 -2213.1206055 -2156.1704102 -2172.1647949 -2171.4682617 -2152.1604004 -2146.0205078 -2173.8715820 -2180.7114258 -2128.3398438 -2181.3339844 -2159.7626953
-2213.1743164 -2198.8239746 -2167.2456055 -2203.2014160 -2136.4733887 -2203.2084961 -2241.3503418 -2141.0053711 -2191.2915039 -2185.8730469 -2208.4121094 -2145.1232910 -2201.4414062 -2167.7373047
-2163.4621582 -2124.4001465 -2139.4853516 -2144.7385254 -2105.6179199 -2134.0473633 -2156.9675293 -2122.2941895 -2121.4389648 -2149.7661133 -2130.2094727 -2077.6176758 -2150.5185547 -2110.7978516
-2135.2541504 -2096.0310059 -2094.3015137 -2184.8078613 -2083.4147949 -2161.4274902 -2125.7653809 -2096.8513184 -2115.5720215 -2107.0500488 -2102.7648926 -2062.8154297 -2135.8491211 -2106.7885742
-2124.2707520 -2072.1638184 -2088.0400391 -2145.4255371 -2058.1879883 -2123.9882812 -2124.8654785 -2058.2338867 -2075.5039062 -2090.7763672 -2077.5380859 -2019.3212891 -2100.4958496 -2078.1052246
-2238.9404297 -2191.4162598 -2184.7126465 -2247.7673340 -2192.6162109 -2215.5568848 -2209.5412598 -2174.5808105 -2181.1296387 -2193.8862305 -2179.2607422 -2160.6425781 -2217.0458984 -2155.1921387
-2152.0134277 -2077.4802246 -2145.0830078 -2174.5559082 -2077.8796387 -2130.0961914 -2128.2353516 -2086.7097168 -2092.4250488 -2100.8364258 -2088.0112305 -2058.6789551 -2118.5861816 -2065.8156738
-2260.9680176 -2223.5922852 -2229.2861328 -2271.6765137 -2189.5468750 -2219.0036621 -2253.1945801 -2167.1376953 -2211.4372559 -2239.0949707 -2230.6442871 -2187.3322754 -2240.8833008 -2210.5615234
-2139.7294922 -2091.0712891 -2120.7329102 -2167.9440918 -2092.8618164 -2150.0332031 -2143.2570801 -2092.4399414 -2120.8398438 -2123.2416992 -2126.0163574 -2079.9221191 -2107.9113770 -2089.4108887
-2154.8481445 -2125.6162109 -2153.6022949 -2168.4389648 -2063.6066895 -2144.8117676 -2165.2272949 -2102.8034668 -2113.8549805 -2118.8842773 -2138.8049316 -2057.8581543 -2125.7470703 -2110.1347656
-2211.5727539 -2170.7099609 -2205.3027344 -2213.0009766 -2119.9013672 -2194.3105469 -2188.2341309 -2144.3356934 -2148.7233887 -2165.1660156 -2156.3088379 -2120.1638184 -2179.5378418 -2136.1931152
-2166.3103027 -2118.8850098 -2174.3166504 -2168.7634277 -2098.7023926 -2154.7509766 -2163.8291016 -2117.0739746 -2110.8508301 -2124.0546875 -2137.1284180 -2100.2702637 -2162.5839844 -2119.5466309
-2227.6103516 -2161.0527344 -2159.8286133 -2229.7407227 -2138.3183594 -2180.1662598 -2190.6757812 -2156.5949707 -2136.6384277 -2181.5073242 -2165.3381348 -2125.6716309 -2148.1389160 -2139.6984863
-2162.0283203 -2120.3793945 -2120.7448730 -2176.4038086 -2094.0634766 -2136.0290527 -2169.8825684 -2125.8605957 -2124.0314941 -2141.3422852 -2152.3825684 -2093.8596191 -2127.7763672 -2118.3671875
-2159.2124023 -2108.8349609 -2110.0458984 -2194.6674805 -2072.9321289 -2175.7326660 -2153.9072266 -2106.2629395 -2085.3659668 -2093.9104004 -2108.4125977 -2054.7041016 -2103.3637695 -2069.4653320
-2160.9921875 -2101.7675781 -2109.0012207 -2155.5869141 -2075.7797852 -2145.4672852 -2140.3361816 -2077.4357910 -2109.3032227 -2089.5656738 -2101.8791504 -2053.2373047 -2096.5786133 -2092.9572754
-2177.5297852 -2126.2858887 -2149.2290039 -2172.6635742 -2118.5576172 -2128.6367188 -2177.9453125 -2118.3627930 -2136.1564941 -2135.0209961 -2134.7770996 -2094.0354004 -2141.5473633 -2132.5261230
-2276.1691895 -inf -2192.7019043 -2272.1452637 -2137.8955078 -2268.6181641 -2271.9165039 -inf -2210.7058105 -inf -2117.3188477 -2064.5332031 -2130.2141113 -2084.9443359
-2195.1970215 -2183.8024902 -2196.0690918 -2240.4475098 -2188.4443359 -2235.4294434 -2208.7578125 -2177.3850098 -2190.7514648 -2241.3515625 -2186.6574707 -2172.3239746 -2213.8298340 -2206.8916016
-2171.1210938 -2135.2951660 -2143.5969238 -2168.0795898 -2097.2724609 -2161.1010742 -2193.3066406 -2113.1403809 -2109.1918945 -2121.6662598 -2118.8713379 -2082.7148438 -2160.0781250 -2123.1179199
-2185.9428711 -2133.7895508 -2180.8466797 -2212.6225586 -2126.1123047 -2174.2536621 -2158.5510254 -2141.3168945 -2127.9272461 -2143.8684082 -2153.5644531 -2127.3181152 -2161.8269043 -2130.3127441
-2146.3417969 -2105.6645508 -2129.6352539 -2196.3977051 -2072.0581055 -2180.7814941 -2119.9458008 -2113.2668457 -2110.4306641 -2125.2475586 -2124.1201172 -2068.4997559 -2133.0397949 -2111.9899902
-2131.0041504 -2094.5256348 -2106.7382812 -2145.0793457 -2080.4108887 -2118.0251465 -2118.9377441 -2074.3796387 -2071.7014160 -2093.0490723 -2087.8994141 -2061.4504395 -2116.8005371 -2070.3452148
-2152.8308105 -2125.4287109 -2117.8151855 -2196.4179688 -2083.3657227 -2166.5583496 -2148.7150879 -2094.0031738 -2122.8793945 -2090.8474121 -2128.3747559 -2077.3662109 -2119.3134766 -2089.0197754
-2192.5334473 -2139.7465820 -2136.8879395 -2180.5258789 -2115.3828125 -2163.8415527 -2185.9631348 -2125.7741699 -2098.2587891 -2138.0466309 -2167.9987793 -2089.2255859 -2154.4899902 -2143.1044922
-2139.7983398 -2082.8859863 -2119.9316406 -2187.7609863 -2081.1171875 -2165.4663086 -2138.1137695 -2087.0805664 -2092.5771484 -2100.6569824 -2083.5227051 -2059.7280273 -2110.8955078 -2063.5000000
-2279.8122559 -inf -2216.7297363 -2323.0268555 -2217.6950684 -2284.6738281 -2281.1743164 -inf -2247.1108398 -inf -2168.9824219 -2146.7377930 -2184.7763672 -2149.3125000
-2171.1518555 -2139.5212402 -2143.9750977 -2173.4792480 -2125.4375000 -2143.7844238 -2179.2495117 -2137.4890137 -2124.0915527 -2135.2145996 -2134.0524902 -2133.4238281 -2147.0705566 -2120.9748535
-2142.6345215 -2109.4328613 -2135.8378906 -2177.7521973 -2111.0048828 -2157.9289551 -2149.2670898 -2120.7893066 -2122.1318359 -2128.6889648 -2110.6557617 -2082.8154297 -2146.0029297 -2108.5903320
-2135.4038086 -2112.4443359 -2128.6259766 -2145.8376465 -2060.4802246 -2113.8967285 -2132.8549805 -2081.4702148 -2111.4526367 -2077.7919922 -2095.0390625 -2066.2995605 -2089.6223145 -2080.4235840
-2136.2641602 -2124.4865723 -2107.1804199 -2170.2329102 -2080.0048828 -2146.4150391 -2144.6027832 -2103.9541016 -2086.3713379 -2123.4484863 -2111.8671875 -2066.2819824 -2103.1369629 -2080.7907715
-2194.6083984 -2168.6474609 -2165.4624023 -2208.8168945 -2124.3125000 -2169.8801270 -2204.4243164 -2119.6738281 -2133.0947266 -2150.5881348 -2148.9260254 -2089.0283203 -2153.4992676 -2126.0810547
-2177.5869141 -2120.2983398 -2134.5512695 -2186.4052734 -2113.7355957 -2170.4125977 -2172.8671875 -2139.9360352 -2111.2792969 -2124.7495117 -2144.9011230 -2091.6572266 -2183.5351562 -2115.1628418
-2160.6391602 -2111.9147949 -2114.0979004 -2160.2453613 -2064.4790039 -2135.4084473 -2147.1845703 -2107.1525879 -2099.6479492 -2104.2504883 -2112.6208496 -2055.0053711 -2122.1865234 -2064.5480957
-2164.9460449 -2109.4340820 -2129.4868164 -2165.7426758 -2112.5046387 -2140.0993652 -2178.7089844 -2086.8386230 -2127.1289062 -2142.6979980 -2129.5888672 -2088.6105957 -2142.7060547 -2139.9873047
-2146.6501465 -2091.3652344 -2118.5866699 -2155.3483887 -2055.2412109 -2130.0065918 -2109.8339844 -2077.0783691 -2094.1838379 -2086.2875977 -2101.2783203 -2054.9458008 -2100.8945312 -2074.2683105
-2177.8808594 -2116.0007324 -2146.9833984 -2174.8449707 -2095.9025879 -2139.5964355 -2167.9384766 -2124.8037109 -2117.1252441 -2148.1823730 -2128.1989746 -2117.7854004 -2146.1674805 -2120.4482422
-2141.2521973 -2118.9323730 -2120.8225098 -2167.3288574 -2065.0485840 -2130.5158691 -2176.7431641 -2070.0319824 -2109.8737793 -2116.4055176 -2142.0488281 -2051.6684570 -2108.5549316 -2113.1328125
-2259.0732422 -2213.7697754 -2208.8586426 -2259.1022949 -2166.2145996 -2211.5727539 -2247.6506348 -2196.1367188 -2195.1618652 -2194.2841797 -2197.2895508 -2186.8486328 -2213.0942383 -2190.2324219
-2282.1508789 -inf -2206.6525879 -2316.0541992 -2167.3457031 -2283.1352539 -2280.6923828 -inf -2209.3198242 -inf -2162.0092773 -2103.5161133 -2140.2341309 -2117.7937012
-2190.9672852 -2122.6943359 -2116.9396973 -2163.1276855 -2104.5805664 -2164.6662598 -2180.5209961 -2124.7453613 -2121.2331543 -2111.2050781 -2133.6325684 -2094.9460449 -2151.7917480 -2116.2775879
-2157.6379395 -2128.6347656 -2126.7749023 -2167.8659668 -2110.5710449 -2147.0661621 -2171.6872559 -2121.5698242 -2138.5114746 -2137.3273926 -2146.3161621 -2096.1003418 -2125.0239258 -2128.3823242
-2189.5895996 -2156.1765137 -2164.8498535 -2234.1042480 -2146.2290039 -2201.5869141 -2163.6152344 -2179.6188965 -2156.1711426 -2184.2561035 -2142.6420898 -2117.6772461 -2174.1323242 -2157.1406250
-2167.2365723 -2100.2744141 -2163.0146484 -2216.5717773 -2124.7299805 -2163.0656738 -2164.1401367 -2127.5170898 -2114.5041504 -2153.0961914 -2127.2463379 -2089.1530762 -2120.5437012 -2105.9416504
-2193.0781250 -2156.5935059 -2144.3894043 -2200.0190430 -2098.9375000 -2202.0080566 -2198.6086426 -2140.7272949 -2143.1979980 -2171.7082520 -2169.8906250 -2127.2080078 -2163.0705566 -2149.3691406
-2139.2905273 -2097.1931152 -2089.3913574 -2119.2011719 -2082.4282227 -2109.5893555 -2118.8850098 -2088.2099609 -2085.7128906 -2105.3576660 -2093.8823242 -2050.4389648 -2103.3090820 -2085.3146973
-2218.7648926 -2163.9645996 -2149.2197266 -2203.1765137 -2128.4606934 -2183.7409668 -2213.2028809 -2147.2192383 -2164.0717773 -2162.1469727 -2183.5480957 -2117.4558105 -2168.4650879 -2174.5588379
-2144.2888184 -2143.2822266 -2139.5161133 -2173.8764648 -2086.4094238 -2159.5600586 -2165.9338379 -2105.6628418 -2110.3544922 -2120.9396973 -2104.9299316 -2080.9665527 -2118.9782715 -2098.5893555
-2183.2878418 -2127.8337402 -2163.1240234 -2165.7966309 -2140.7319336 -2155.7580566 -2156.6384277 -2136.5007324 -2120.3022461 -2172.9501953 -2131.9318848 -2111.0061035 -2149.7915039 -2135.5043945
-2212.5065918 -2156.3613281 -2158.7675781 -2207.5490723 -2121.6206055 -2198.0554199 -2206.9396973 -2138.3176270 -2137.8461914 -2139.1291504 -2160.0183105 -2114.7019043 -2171.7866211 -2125.5266113
-2240.3200684 -2172.4062500 -2157.6313477 -2239.4750977 -2135.3232422 -2197.7453613 -2220.6765137 -2144.2668457 -2166.0664062 -2182.2368164 -2164.6789551 -2130.7639160 -2168.1850586 -2152.5183105
-2202.6433105 -2175.1730957 -2163.8410645 -2214.0292969 -2120.5966797 -2185.1137695 -2214.7893066 -2129.0075684 -2154.6264648 -2149.0800781 -2169.5524902 -2113.9121094 -2170.1701660 -2127.3081055
-2221.4873047 -2164.3835449 -2194.7563477 -2264.4272461 -2161.6105957 -2222.6101074 -2202.0678711 -2167.9775391 -2160.1525879 -2198.2839355 -2175.3847656 -2145.9924316 -2235.7797852 -2155.2617188
-2164.4592285 -2101.2434082 -2167.9060059 -2193.3227539 -2118.2172852 -2165.1428223 -2151.8315430 -2139.8435059 -2108.1572266 -2133.3586426 -2119.4885254 -2094.8146973 -2149.3713379 -2110.5791016
-2171.7138672 -2133.9196777 -2141.8596191 -2237.5573730 -2112.6462402 -2202.3225098 -2173.4282227 -2123.5151367 -2118.7192383 -2136.3417969 -2129.8103027 -2061.1716309 -2127.0380859 -2114.7995605
-2168.6525879 -2151.9687500 -2150.3266602 -2158.9306641 -2128.5388184 -2156.6755371 -2126.8525391 -2141.0698242 -2129.0478516 -2173.1569824 -2130.0493164 -2117.8918457 -2129.5554199 -2116.6884766
-2131.5588379 -2104.0520020 -2136.2070312 -2158.8625488 -2079.5185547 -2148.3366699 -2121.2546387 -2105.7978516 -2098.1088867 -2125.7856445 -2096.7639160 -2087.1486816 -2146.4355469 -2116.8222656
-2137.3166504 -2079.7404785 -2112.6552734 -2169.4348145 -2073.0495605 -2137.6025391 -2110.8796387 -2087.2004395 -2085.0305176 -2108.8630371 -2112.6826172 -2054.3283691 -2102.9101562 -2108.7651367
-2142.1643066 -2097.0668945 -2110.6477051 -2144.5048828 -2075.7236328 -2117.2541504 -2109.9265137 -2094.5429688 -2078.1333008 -2123.9167480 -2099.1528320 -2064.8928223 -2102.8815918 -2080.7795410
-2190.4943848 -2140.8288574 -2130.5410156 -2183.2575684 -2106.6774902 -2165.4982910 -2192.6716309 -2142.3815918 -2115.8103027 -2132.9721680 -2134.0871582 -2087.5815430 -2110.5683594 -2094.0654297
-2125.2973633 -2103.7980957 -2117.4682617 -2169.6604004 -2056.0747070 -2139.6850586 -2145.4970703 -2093.1823730 -2092.0166016 -2120.4650879 -2110.0686035 -2056.1469727 -2108.6835938 -2100.0388184
-2169.8701172 -2157.3945312 -2143.0209961 -2172.3227539 -2086.7221680 -2143.7014160 -2180.6059570 -2129.2023926 -2116.2844238 -2127.1708984 -2139.0039062 -2079.3144531 -2145.1496582 -2121.4057617
-2199.7138672 -2173.7722168 -2154.0407715 -2224.8342285 -2130.7636719 -2213.8603516 -2218.8637695 -2125.7053223 -2153.5007324 -2168.3576660 -2170.7954102 -2108.5109863 -2163.7604980 -2137.2814941
-2127.5656738 -2110.5114746 -2132.9558105 -2112.8439941 -2094.2670898 -2096.3000488 -2139.4553223 -2091.4477539 -2099.2565918 -2116.1254883 -2106.5983887 -2070.8808594 -2087.2617188 -2095.4694824
-2179.1433105 -2137.2692871 -2143.3427734 -2241.6391602 -2146.4426270 -2204.7846680 -2161.0537109 -2146.8320312 -2133.5832520 -2155.0837402 -2152.0830078 -2101.4343262 -2145.0410156 -2132.8330078
-2140.8115234 -2124.6777344 -2121.3286133 -2166.5571289 -2092.5783691 -2150.6843262 -2131.0554199 -2121.9118652 -2112.6945801 -2109.8894043 -2117.4138184 -2083.9953613 -2125.9316406 -2126.4758301
-2177.4448242 -2111.2468262 -2164.1428223 -2208.1679688 -2082.1777344 -2162.3442383 -2162.9421387 -2108.6425781 -2104.7724609 -2122.6147461 -2125.3310547 -2077.8686523 -2136.6643066 -2111.2346191
-2184.3232422 -2148.3110352 -2132.4643555 -2183.7937012 -2095.8598633 -2148.7482910 -2161.1088867 -2129.6687012 -2122.7548828 -2142.6018066 -2140.7509766 -2097.2551270 -2112.3251953 -2113.1748047
-2270.5244141 -inf -2216.2990723 -2329.6201172 -2171.1425781 -2295.0229492 -2283.8608398 -inf -2218.3369141 -inf -2159.9411621 -2112.9958496 -2176.6862793 -2133.7583008
-2187.8071289 -2124.0209961 -2167.7651367 -2224.5744629 -2106.9799805 -2193.7712402 -2174.8703613 -2138.4165039 -2116.0512695 -2132.1862793 -2145.4829102 -2100.0786133 -2167.1220703 -2118.4941406
-2179.6955566 -2127.8325195 -2146.8164062 -2220.9245605 -2099.6960449 -2185.7570801 -2201.3186035 -2134.8210449 -2119.0825195 -2135.2746582 -2141.0300293 -2082.4465332 -2130.6223145 -2123.2604980
-2136.1938477 -2114.1440430 -2140.5185547 -2190.1289062 -2081.3569336 -2169.6359863 -2160.7473145 -2102.9282227 -2125.8535156 -2141.9199219 -2107.0812988 -2096.3735352 -2121.8410645 -2089.0454102
-2215.1132812 -2161.6340332 -2177.7436523 -2266.7744141 -2116.2558594 -2210.3449707 -2203.6625977 -2153.3608398 -2133.8657227 -2134.4016113 -2180.4404297 -2098.5461426 -2161.2785645 -2123.7348633
-2173.1352539 -2134.5773926 -2122.4516602 -2222.6291504 -2104.0185547 -2201.2285156 -2175.1679688 -2145.9301758 -2146.8835449 -2158.4938965 -2148.0517578 -2099.9604492 -2155.0786133 -2108.7971191
-2184.0461426 -2148.5722656 -2127.3095703 -2183.0122070 -2066.2634277 -2152.5002441 -2171.5148926 -2105.5056152 -2110.4584961 -2141.4335938 -2114.5104980 -2041.3393555 -2148.0380859 -2105.5998535
-2200.1804199 -2134.5388184 -2179.1008301 -2191.8044434 -2139.4418945 -2134.8159180 -2164.3625488 -2132.9272461 -2126.2004395 -2172.9843750 -2144.0654297 -2110.1015625 -2179.1513672 -2152.7221680
-2128.4355469 -2087.4650879 -2105.0112305 -2140.2717285 -2067.8681641 -2133.0925293 -2099.1325684 -2092.9812012 -2049.1867676 -2084.0712891 -2079.7067871 -2017.8708496 -2091.5336914 -2063.0122070
-2109.3500977 -2045.7612305 -2066.3195801 -2136.0830078 -2029.7728271 -2097.9797363 -2085.7348633 -2054.4855957 -2049.1955566 -2054.8554688 -2055.1137695 -2004.9769287 -2035.7330322 -2033.8320312
-2160.4291992 -2106.1850586 -2132.5336914 -2176.7924805 -2090.4047852 -2149.2014160 -2136.0893555 -2113.1296387 -2114.9177246 -2122.4924316 -2112.6547852 -2085.4458008 -2129.2700195 -2094.5344238
-2200.7451172 -2129.3366699 -2151.3337402 -2206.8715820 -2087.1003418 -2182.5671387 -2186.2924805 -2131.1896973 -2133.6635742 -2129.9108887 -2134.9667969 -2117.0688477 -2156.0703125 -2119.5515137
-2195.2944336 -2125.5585938 -2165.4233398 -2184.2290039 -2120.2250977 -2179.1250000 -2162.3586426 -2135.7580566 -2114.7751465 -2122.2795410 -2148.5458984 -2081.6208496 -2149.1779785 -2132.5212402
-2163.8535156 -2128.8142090 -2120.2465820 -2178.7368164 -2085.5988770 -2140.0332031 -2150.0986328 -2110.6047363 -2110.0300293 -2112.8737793 -2130.2397461 -2068.2038574 -2132.7534180 -2107.3728027
-2139.0183105 -2104.9824219 -2096.1723633 -2154.3835449 -2059.8395996 -2130.5573730 -2132.0061035 -2079.6403809 -2106.2919922 -2096.0358887 -2106.3010254 -2075.2194824 -2094.7038574 -2073.4904785
-2185.4873047 -2136.0437012 -2114.0170898 -2220.5671387 -2080.1125488 -2182.9396973 -2138.2265625 -2107.4162598 -2100.6643066 -2130.3742676 -2138.1052246 -2064.1069336 -2121.5585938 -2101.0461426
-2139.6708984 -2116.4497070 -2146.2294922 -2165.4899902 -2119.8186035 -2140.3425293 -2162.1708984 -2111.9780273 -2124.9716797 -2126.0368652 -2146.2036133 -2119.8518066 -2157.8522949 -2130.4721680
-2121.3962402 -2053.2585449 -2058.7407227 -2077.9841309 -2031.1041260 -2088.4584961 -2104.0021973 -2049.1447754 -2058.3735352 -2059.4433594 -2060.8159180 -2016.0902100 -2059.8898926 -2042.0445557
-2178.6499023 -2157.7255859 -2190.6264648 -2218.9138184 -2133.0998535 -2191.0761719 -2180.4860840 -2136.1328125 -2144.4440918 -2169.5839844 -2134.4167480 -2127.3945312 -2188.5588379 -2158.1423340
-2242.6940918 -2178.7534180 -2196.2814941 -2270.0991211 -2144.8020020 -2242.3315430 -2207.7875977 -2177.0139160 -2178.1730957 -2172.6269531 -2198.0080566 -2129.5346680 -2185.1491699 -2173.9890137
-2110.2895508 -2081.1862793 -2062.7915039 -2121.2580566 -2011.0581055 -2097.4841309 -2123.2045898 -2063.5312500 -2047.1652832 -2082.9753418 -2057.3884277 -2016.6685791 -2058.8645020 -2060.7182617
-2158.3659668 -2117.2114258 -2122.9782715 -2180.8691406 -2090.1218262 -2182.7241211 -2174.6213379 -2094.0834961 -2110.4921875 -2103.4960938 -2096.5771484 -2076.4843750 -2109.9499512 -2112.2998047
-2095.4233398 -2054.3493652 -2081.7294922 -2147.5593262 -2075.6574707 -2118.6933594 -2105.1132812 -2077.3242188 -2064.3874512 -2097.9702148 -2071.4992676 -2055.3742676 -2091.5852051 -2053.5305176
-2193.6494141 -2159.4914551 -2113.6562500 -2157.7746582 -2085.1826172 -2174.1015625 -2198.3566895 -2109.4970703 -2129.8422852 -2131.7253418 -2172.1098633 -2077.9406738 -2109.0959473 -2109.3784180
-2158.4162598 -2125.3840332 -2119.3020020 -2198.6918945 -2066.8742676 -2161.8300781 -2171.9726562 -2114.6918945 -2107.0314941 -2120.7290039 -2126.7626953 -2070.9147949 -2109.4096680 -2122.5532227
-2185.1711426 -2130.0778809 -2134.0329590 -2174.4645996 -2089.1113281 -2140.0180664 -2150.2814941 -2105.3618164 -2148.5788574 -2137.0253906 -2145.1313477 -2093.8686523 -2143.0078125 -2116.9892578
-2193.7932129 -2138.4667969 -2145.7929688 -2214.0644531 -2083.4953613 -2174.3054199 -2168.4707031 -2138.4248047 -2127.9121094 -2142.0151367 -2136.0290527 -2085.9538574 -2137.9274902 -2135.6477051
-2221.7990723 -2167.9362793 -2196.0610352 -2263.6110840 -2165.0410156 -2225.8493652 -2212.8278809 -2174.6008301 -2170.3935547 -2209.0917969 -2175.3696289 -2125.1840820 -2203.7941895 -2174.0668945
-2162.0673828 -2118.8168945 -2118.3552246 -2118.4265137 -2098.5725098 -2118.2165527 -2158.7255859 -2090.1906738 -2117.0637207 -2097.9294434 -2130.3732910 -2076.6833496 -2107.2158203 -2093.8581543
-2168.5908203 -2132.2976074 -2134.4179688 -2169.7778320 -2085.4082031 -2150.4672852 -2152.8447266 -2089.4418945 -2093.0207520 -2135.6013184 -2126.0075684 -2074.7216797 -2145.6281738 -2115.7788086
-2178.7631836 -2127.2368164 -2165.5544434 -2228.8464355 -2130.9091797 -2191.9604492 -2144.3618164 -2146.0083008 -2129.9467773 -2143.9606934 -2159.5676270 -2138.1840820 -2155.3557129 -2151.9997559
-2187.8422852 -2158.3461914 -2165.5004883 -2206.3254395 -2125.4128418 -2191.8344727 -2179.7424316 -2109.4716797 -2137.9345703 -2174.7102051 -2147.7521973 -2117.0747070 -2171.4904785 -2147.9067383
-2217.6965332 -2142.5136719 -2184.4545898 -2213.2111816 -2126.2619629 -2158.1921387 -2155.8574219 -2141.5236816 -2149.5449219 -2174.6538086 -2162.4916992 -2142.6215820 -2170.2319336 -2153.9265137
-2174.7412109 -2178.6711426 -2205.0593262 -2259.0249023 -2188.9277344 -2223.8657227 -2165.7807617 -2187.8930664 -2182.9504395 -2192.7006836 -2186.7685547 -2164.7871094 -2195.5488281 -2178.7565918
-2177.9345703 -2138.1225586 -2151.2866211 -2216.5876465 -2138.5839844 -2175.6677246 -2180.1030273 -2140.9304199 -2134.7863770 -2172.7819824 -2122.7768555 -2132.4189453 -2158.7055664 -2149.0832520
-2161.9782715 -2133.3276367 -2163.0451660 -2194.5610352 -2083.8249512 -2161.0959473 -2165.1357422 -2106.0556641 -2125.1867676 -2140.4645996 -2118.4772949 -2086.1684570 -2095.9416504 -2112.8920898
-2169.2634277 -2137.2561035 -2151.8967285 -2174.0646973 -2106.9414062 -2186.1408691 -2177.3212891 -2126.8715820 -2133.0385742 -2146.4970703 -2125.4616699 -2084.7145996 -2139.0380859 -2114.8835449
-2156.4189453 -2167.1247559 -2154.7150879 -2214.8564453 -2136.8510742 -2181.5678711 -2159.1975098 -2147.1115723 -2154.0659180 -2168.1481934 -2153.3105469 -2125.2058105 -2203.1091309 -2158.4318848
-2183.4965820 -2132.0651855 -2169.3315430 -2223.6408691 -2145.3547363 -2177.3593750 -2175.1040039 -2164.8359375 -2132.4301758 -2168.0239258 -2154.3588867 -2123.4782715 -2179.1555176 -2140.2841797
-2173.5566406 -2139.8474121 -2184.4887695 -2209.6889648 -2163.7414551 -2199.9467773 -2142.2160645 -2193.0678711 -2136.1865234 -2190.8774414 -2145.8603516 -2145.5429688 -2203.8911133 -2168.1408691
-2127.7309570 -2078.8911133 -2078.8540039 -2134.6369629 -2049.4689941 -2120.9577637 -2104.9096680 -2063.5795898 -2062.8791504 -2070.4399414 -2073.9785156 -2043.7060547 -2088.2219238 -2060.6140137
-2153.5646973 -2115.7670898 -2124.1179199 -2176.7443848 -2074.8957520 -2146.2954102 -2129.5285645 -2096.7414551 -2104.5793457 -2144.5922852 -2116.7592773 -2080.8417969 -2125.8630371 -2122.6745605
-2185.8669434 -2137.5805664 -2150.1711426 -2219.0551758 -2129.9555664 -2182.8017578 -2153.4201660 -2123.4475098 -2128.0170898 -2154.1892090 -2165.9023438 -2094.8083496 -2157.1118164 -2113.3781738
-2174.5119629 -2132.0090332 -2157.7683105 -2183.1333008 -2116.9248047 -2162.5100098 -2173.9272461 -2140.3481445 -2120.6708984 -2150.9218750 -2144.7871094 -2111.5825195 -2171.5471191 -2116.6235352
