	15.0	16.0	17.0	18.0	19.0	20.0	21.0	22.0	23.0	24.0	25.0	26.0	27.0	28.0	29.0	30.0	31.0	32.0	33.0	34.0	35.0	36.0	37.0	38.0	39.0	40.0
1.flexbar_trim.R_1	1.0	3.0	93.0	914.0	4067.0	11598.0	21663.0	31221.0	36310.0	42604.0	48244.0	57885.0	67433.0	82020.0	95062.0	117907.0	146821.0	200031.0	240851.0	320515.0	480777.0	874251.0	1617145.0	3931902.0	10090056.0	1247820.0
	14.0	15.0	16.0	17.0	18.0	19.0	20.0	21.0	22.0	23.0	24.0	25.0	26.0	27.0	28.0	29.0	30.0	31.0	32.0	33.0	34.0	35.0	36.0	37.0	38.0	39.0	40.0
1.flexbar_trim.R_2	10.0	501.0	7222.0	30341.0	53321.0	58426.0	66403.0	67066.0	68293.0	69648.0	79455.0	87310.0	99937.0	104988.0	116142.0	124104.0	143669.0	162492.0	201503.0	244829.0	341363.0	502054.0	865934.0	1535193.0	3663515.0	9584065.0	1489410.0
	16.0	17.0	18.0	19.0	20.0	21.0	22.0	23.0	24.0	25.0	26.0	27.0	28.0	29.0	30.0	31.0	32.0	33.0	34.0	35.0	36.0	37.0	38.0	39.0	40.0
10.flexbar_trim.R_1	1.0	80.0	904.0	4024.0	11233.0	21094.0	30349.0	35966.0	43487.0	49351.0	59727.0	69987.0	85423.0	99794.0	126476.0	159993.0	218940.0	249438.0	297513.0	426877.0	771863.0	1430212.0	3523153.0	9462703.0	1246194.0
	14.0	15.0	16.0	17.0	18.0	19.0	20.0	21.0	22.0	23.0	24.0	25.0	26.0	27.0	28.0	29.0	30.0	31.0	32.0	33.0	34.0	35.0	36.0	37.0	38.0	39.0	40.0
10.flexbar_trim.R_2	12.0	519.0	7071.0	29313.0	51191.0	55809.0	62553.0	65286.0	69899.0	75949.0	88780.0	96212.0	105378.0	107659.0	116819.0	121897.0	137472.0	152471.0	186997.0	223742.0	303177.0	435788.0	747262.0	1340639.0	3266975.0	9037498.0	1538414.0
	16.0	17.0	18.0	19.0	20.0	21.0	22.0	23.0	24.0	25.0	26.0	27.0	28.0	29.0	30.0	31.0	32.0	33.0	34.0	35.0	36.0	37.0	38.0	39.0	40.0
100.flexbar_trim.R_1	3.0	60.0	752.0	3104.0	8644.0	16592.0	23826.0	28767.0	34155.0	38872.0	46817.0	54017.0	66508.0	77344.0	100267.0	130405.0	173086.0	185775.0	238216.0	365086.0	669687.0	1257735.0	3197883.0	8850229.0	1155234.0
	14.0	15.0	16.0	17.0	18.0	19.0	20.0	21.0	22.0	23.0	24.0	25.0	26.0	27.0	28.0	29.0	30.0	31.0	32.0	33.0	34.0	35.0	36.0	37.0	38.0	39.0	40.0
100.flexbar_trim.R_2	11.0	336.0	4507.0	19651.0	36308.0	42046.0	49042.0	50926.0	53156.0	55414.0	64116.0	71524.0	81106.0	84539.0	93930.0	99780.0	114235.0	129660.0	159791.0	195575.0	270825.0	399577.0	689176.0	1238405.0	3019076.0	8308001.0	1392351.0
	17.0	18.0	19.0	20.0	21.0	22.0	23.0	24.0	25.0	26.0	27.0	28.0	29.0	30.0	31.0	32.0	33.0	34.0	35.0	36.0	37.0	38.0	39.0	40.0
107.flexbar_trim.R_1	64.0	655.0	2423.0	6955.0	13344.0	19312.0	22861.0	27321.0	30487.0	36758.0	43781.0	54967.0	66465.0	91916.0	130314.0	178892.0	180250.0	217397.0	338525.0	638617.0	1225360.0	3140788.0	8390445.0	1046507.0
	14.0	15.0	16.0	17.0	18.0	19.0	20.0	21.0	22.0	23.0	24.0	25.0	26.0	27.0	28.0	29.0	30.0	31.0	32.0	33.0	34.0	35.0	36.0	37.0	38.0	39.0	40.0
107.flexbar_trim.R_2	8.0	251.0	3860.0	16929.0	31304.0	34953.0	41134.0	41402.0	41769.0	41941.0	46871.0	50951.0	60090.0	65932.0	76073.0	83371.0	98144.0	113881.0	145277.0	182444.0	260945.0	396035.0	692407.0	1253614.0	3042112.0	7855324.0	1227382.0
	16.0	17.0	18.0	19.0	20.0	21.0	22.0	23.0	24.0	25.0	26.0	27.0	28.0	29.0	30.0	31.0	32.0	33.0	34.0	35.0	36.0	37.0	38.0	39.0	40.0
108.flexbar_trim.R_1	6.0	139.0	1346.0	5897.0	16411.0	30092.0	42789.0	50984.0	60354.0	67007.0	79380.0	91740.0	114172.0	135664.0	180649.0	249193.0	328872.0	310421.0	348139.0	509401.0	908684.0	1666225.0	4022534.0	10356299.0	1447464.0
	14.0	15.0	16.0	17.0	18.0	19.0	20.0	21.0	22.0	23.0	24.0	25.0	26.0	27.0	28.0	29.0	30.0	31.0	32.0	33.0	34.0	35.0	36.0	37.0	38.0	39.0	40.0
108.flexbar_trim.R_2	19.0	590.0	6909.0	28094.0	51699.0	59591.0	68535.0	71058.0	75225.0	78805.0	89716.0	98193.0	112149.0	119392.0	134122.0	142969.0	164373.0	182708.0	221919.0	267682.0	363743.0	521430.0	882030.0	1580857.0	3801378.0	10038012.0	1862664.0
	16.0	17.0	18.0	19.0	20.0	21.0	22.0	23.0	24.0	25.0	26.0	27.0	28.0	29.0	30.0	31.0	32.0	33.0	34.0	35.0	36.0	37.0	38.0	39.0	40.0
109.flexbar_trim.R_1	2.0	129.0	995.0	4111.0	11296.0	21123.0	30736.0	35959.0	43389.0	48391.0	59109.0	69024.0	85527.0	102284.0	135801.0	181254.0	263798.0	315791.0	365229.0	493338.0	877322.0	1625721.0	4005538.0	10539703.0	1347814.0
	14.0	15.0	16.0	17.0	18.0	19.0	20.0	21.0	22.0	23.0	24.0	25.0	26.0	27.0	28.0	29.0	30.0	31.0	32.0	33.0	34.0	35.0	36.0	37.0	38.0	39.0	40.0
109.flexbar_trim.R_2	7.0	371.0	5119.0	22193.0	42734.0	52459.0	62663.0	65504.0	66519.0	67303.0	76498.0	84186.0	95698.0	101625.0	113307.0	121286.0	141779.0	163001.0	203591.0	253565.0	358049.0	533448.0	922824.0	1646800.0	3927663.0	9975251.0	1559941.0
	16.0	17.0	18.0	19.0	20.0	21.0	22.0	23.0	24.0	25.0	26.0	27.0	28.0	29.0	30.0	31.0	32.0	33.0	34.0	35.0	36.0	37.0	38.0	39.0	40.0
11.flexbar_trim.R_1	2.0	64.0	769.0	3461.0	10209.0	19363.0	27943.0	33156.0	40101.0	46242.0	57068.0	66975.0	82238.0	94837.0	116192.0	143939.0	194136.0	239080.0	322577.0	484552.0	886754.0	1652391.0	4046443.0	10312442.0	1211116.0
	13.0	14.0	15.0	16.0	17.0	18.0	19.0	20.0	21.0	22.0	23.0	24.0	25.0	26.0	27.0	28.0	29.0	30.0	31.0	32.0	33.0	34.0	35.0	36.0	37.0	38.0	39.0	40.0
11.flexbar_trim.R_2	1.0	9.0	515.0	7130.0	30264.0	53560.0	59320.0	67868.0	68606.0	70715.0	73643.0	84311.0	93457.0	107865.0	112667.0	123533.0	130937.0	149134.0	168200.0	206254.0	252934.0	354176.0	522888.0	901014.0	1587288.0	3756227.0	9654249.0	1455285.0
	16.0	17.0	18.0	19.0	20.0	21.0	22.0	23.0	24.0	25.0	26.0	27.0	28.0	29.0	30.0	31.0	32.0	33.0	34.0	35.0	36.0	37.0	38.0	39.0	40.0
110.flexbar_trim.R_1	2.0	115.0	915.0	3506.0	9750.0	18311.0	26322.0	30761.0	36563.0	41983.0	51097.0	59609.0	73229.0	85933.0	108323.0	135470.0	184838.0	232318.0	309075.0	455827.0	832772.0	1551376.0	3855650.0	10427663.0	1307724.0
	14.0	15.0	16.0	17.0	18.0	19.0	20.0	21.0	22.0	23.0	24.0	25.0	26.0	27.0	28.0	29.0	30.0	31.0	32.0	33.0	34.0	35.0	36.0	37.0	38.0	39.0	40.0
110.flexbar_trim.R_2	7.0	340.0	4580.0	18569.0	36402.0	45151.0	55181.0	58129.0	58974.0	61134.0	69115.0	76272.0	86550.0	91938.0	103833.0	111466.0	130071.0	150931.0	188681.0	236487.0	332007.0	496628.0	859798.0	1530871.0	3700161.0	9814503.0	1521353.0
	16.0	17.0	18.0	19.0	20.0	21.0	22.0	23.0	24.0	25.0	26.0	27.0	28.0	29.0	30.0	31.0	32.0	33.0	34.0	35.0	36.0	37.0	38.0	39.0	40.0
117.flexbar_trim.R_1	2.0	102.0	1095.0	4224.0	11182.0	20560.0	29600.0	34741.0	41392.0	47510.0	58056.0	67337.0	83343.0	97075.0	122580.0	152508.0	211127.0	262173.0	332944.0	474747.0	853712.0	1601419.0	3995293.0	10703142.0	1505525.0
	14.0	15.0	16.0	17.0	18.0	19.0	20.0	21.0	22.0	23.0	24.0	25.0	26.0	27.0	28.0	29.0	30.0	31.0	32.0	33.0	34.0	35.0	36.0	37.0	38.0	39.0	40.0
117.flexbar_trim.R_2	15.0	400.0	5139.0	20443.0	39709.0	49237.0	59453.0	62170.0	65849.0	69485.0	79879.0	88590.0	101831.0	107573.0	120352.0	128223.0	147378.0	166274.0	204016.0	247076.0	341595.0	504814.0	872441.0	1576831.0	3828662.0	10067833.0	1756121.0
	16.0	17.0	18.0	19.0	20.0	21.0	22.0	23.0	24.0	25.0	26.0	27.0	28.0	29.0	30.0	31.0	32.0	33.0	34.0	35.0	36.0	37.0	38.0	39.0	40.0
118.flexbar_trim.R_1	1.0	110.0	978.0	3686.0	10617.0	19872.0	28441.0	32901.0	39950.0	45581.0	55690.0	63555.0	79638.0	92969.0	117768.0	145764.0	198900.0	249284.0	333388.0	493670.0	897776.0	1657995.0	4008548.0	9932544.0	1141734.0
	13.0	14.0	15.0	16.0	17.0	18.0	19.0	20.0	21.0	22.0	23.0	24.0	25.0	26.0	27.0	28.0	29.0	30.0	31.0	32.0	33.0	34.0	35.0	36.0	37.0	38.0	39.0	40.0
118.flexbar_trim.R_2	1.0	11.0	427.0	5075.0	21300.0	42721.0	56921.0	68975.0	72064.0	73096.0	73113.0	80698.0	86818.0	97426.0	104118.0	117529.0	128130.0	148875.0	170970.0	212703.0	264669.0	369844.0	547580.0	936766.0	1638125.0	3769864.0	9195989.0	1367552.0
	16.0	17.0	18.0	19.0	20.0	21.0	22.0	23.0	24.0	25.0	26.0	27.0	28.0	29.0	30.0	31.0	32.0	33.0	34.0	35.0	36.0	37.0	38.0	39.0	40.0
119.flexbar_trim.R_1	4.0	95.0	939.0	3357.0	9530.0	17943.0	26256.0	30439.0	36283.0	41167.0	50016.0	57922.0	71423.0	84917.0	108733.0	137999.0	192559.0	243869.0	327056.0	487468.0	896012.0	1675370.0	4141202.0	10865689.0	1335650.0
	14.0	15.0	16.0	17.0	18.0	19.0	20.0	21.0	22.0	23.0	24.0	25.0	26.0	27.0	28.0	29.0	30.0	31.0	32.0	33.0	34.0	35.0	36.0	37.0	38.0	39.0	40.0
119.flexbar_trim.R_2	13.0	321.0	4817.0	20336.0	39393.0	49104.0	59444.0	61526.0	61498.0	61687.0	68540.0	73959.0	83493.0	90717.0	102300.0	111168.0	132550.0	152843.0	195662.0	245436.0	350554.0	530295.0	926957.0	1648479.0	3949907.0	10242684.0	1578215.0
	16.0	17.0	18.0	19.0	20.0	21.0	22.0	23.0	24.0	25.0	26.0	27.0	28.0	29.0	30.0	31.0	32.0	33.0	34.0	35.0	36.0	37.0	38.0	39.0	40.0
12.flexbar_trim.R_1	10.0	106.0	996.0	4124.0	11702.0	21079.0	30353.0	35164.0	41908.0	47286.0	57208.0	66970.0	81282.0	93925.0	114782.0	140484.0	188438.0	232998.0	317712.0	477285.0	866571.0	1596260.0	3861896.0	9732507.0	1206711.0
	14.0	15.0	16.0	17.0	18.0	19.0	20.0	21.0	22.0	23.0	24.0	25.0	26.0	27.0	28.0	29.0	30.0	31.0	32.0	33.0	34.0	35.0	36.0	37.0	38.0	39.0	40.0
12.flexbar_trim.R_2	9.0	461.0	6882.0	29070.0	51033.0	56248.0	64003.0	65049.0	68013.0	70534.0	80145.0	87714.0	98315.0	103487.0	114714.0	122009.0	140204.0	158175.0	193631.0	235066.0	322878.0	473864.0	817569.0	1454348.0	3500784.0	9367707.0	1545845.0
	16.0	17.0	18.0	19.0	20.0	21.0	22.0	23.0	24.0	25.0	26.0	27.0	28.0	29.0	30.0	31.0	32.0	33.0	34.0	35.0	36.0	37.0	38.0	39.0	40.0
120.flexbar_trim.R_1	6.0	108.0	927.0	3625.0	10202.0	19495.0	27430.0	32576.0	39129.0	44698.0	53927.0	62783.0	77608.0	90990.0	113307.0	141529.0	194146.0	241333.0	314343.0	453315.0	814646.0	1507920.0	3731257.0	10023949.0	1282517.0
	14.0	15.0	16.0	17.0	18.0	19.0	20.0	21.0	22.0	23.0	24.0	25.0	26.0	27.0	28.0	29.0	30.0	31.0	32.0	33.0	34.0	35.0	36.0	37.0	38.0	39.0	40.0
120.flexbar_trim.R_2	13.0	438.0	4963.0	19518.0	38150.0	48429.0	59303.0	63240.0	65279.0	67359.0	76401.0	83031.0	94039.0	100322.0	112712.0	120755.0	139948.0	158093.0	195459.0	240058.0	331960.0	486582.0	834339.0	1482570.0	3534681.0	9404105.0	1520019.0
	16.0	17.0	18.0	19.0	20.0	21.0	22.0	23.0	24.0	25.0	26.0	27.0	28.0	29.0	30.0	31.0	32.0	33.0	34.0	35.0	36.0	37.0	38.0	39.0	40.0
121.flexbar_trim.R_1	2.0	129.0	916.0	3460.0	9921.0	18341.0	26704.0	31635.0	37323.0	41515.0	50123.0	57440.0	72161.0	86465.0	113585.0	152530.0	223400.0	276654.0	336985.0	469998.0	848151.0	1599076.0	3963899.0	10244180.0	1268650.0
	13.0	14.0	15.0	16.0	17.0	18.0	19.0	20.0	21.0	22.0	23.0	24.0	25.0	26.0	27.0	28.0	29.0	30.0	31.0	32.0	33.0	34.0	35.0	36.0	37.0	38.0	39.0	40.0
121.flexbar_trim.R_2	1.0	7.0	321.0	4174.0	17105.0	33100.0	41054.0	51119.0	54825.0	55514.0	55780.0	62101.0	67785.0	77679.0	84655.0	97938.0	109603.0	131606.0	152504.0	189127.0	236165.0	335641.0	507965.0	892107.0	1607288.0	3845006.0	9730304.0	1492769.0
	15.0	16.0	17.0	18.0	19.0	20.0	21.0	22.0	23.0	24.0	25.0	26.0	27.0	28.0	29.0	30.0	31.0	32.0	33.0	34.0	35.0	36.0	37.0	38.0	39.0	40.0
127.flexbar_trim.R_1	1.0	2.0	137.0	1204.0	4704.0	13330.0	24650.0	34967.0	40985.0	48568.0	54198.0	64979.0	74984.0	91892.0	108314.0	137234.0	173114.0	241152.0	299588.0	386900.0	556537.0	999908.0	1832982.0	4395152.0	10919838.0	1313510.0
	14.0	15.0	16.0	17.0	18.0	19.0	20.0	21.0	22.0	23.0	24.0	25.0	26.0	27.0	28.0	29.0	30.0	31.0	32.0	33.0	34.0	35.0	36.0	37.0	38.0	39.0	40.0
127.flexbar_trim.R_2	15.0	509.0	5673.0	22337.0	44939.0	58357.0	71384.0	74220.0	75225.0	75860.0	84428.0	91125.0	101687.0	109593.0	125368.0	135495.0	158454.0	181205.0	226661.0	281765.0	394693.0	583554.0	1003066.0	1767534.0	4145216.0	10383710.0	1616757.0
	16.0	17.0	18.0	19.0	20.0	21.0	22.0	23.0	24.0	25.0	26.0	27.0	28.0	29.0	30.0	31.0	32.0	33.0	34.0	35.0	36.0	37.0	38.0	39.0	40.0
128.flexbar_trim.R_1	1.0	56.0	594.0	2308.0	6473.0	12170.0	17878.0	20716.0	24112.0	27006.0	32329.0	37361.0	46267.0	54321.0	69619.0	89810.0	115137.0	126385.0	163844.0	246566.0	450992.0	828249.0	1923691.0	4491349.0	556139.0
	14.0	15.0	16.0	17.0	18.0	19.0	20.0	21.0	22.0	23.0	24.0	25.0	26.0	27.0	28.0	29.0	30.0	31.0	32.0	33.0	34.0	35.0	36.0	37.0	38.0	39.0	40.0
128.flexbar_trim.R_2	9.0	239.0	2948.0	11838.0	23545.0	29445.0	34526.0	36440.0	37764.0	38183.0	43174.0	46724.0	52177.0	54461.0	61634.0	66012.0	76438.0	86501.0	106799.0	131369.0	180925.0	262749.0	448291.0	781509.0	1783037.0	4275479.0	671157.0
	16.0	17.0	18.0	19.0	20.0	21.0	22.0	23.0	24.0	25.0	26.0	27.0	28.0	29.0	30.0	31.0	32.0	33.0	34.0	35.0	36.0	37.0	38.0	39.0	40.0
129.flexbar_trim.R_1	1.0	71.0	692.0	2833.0	7378.0	13361.0	20521.0	27321.0	35661.0	42383.0	52379.0	65926.0	93190.0	137525.0	246018.0	444594.0	603472.0	370513.0	163708.0	171212.0	304876.0	565940.0	1370240.0	3400656.0	683684.0
	14.0	15.0	16.0	17.0	18.0	19.0	20.0	21.0	22.0	23.0	24.0	25.0	26.0	27.0	28.0	29.0	30.0	31.0	32.0	33.0	34.0	35.0	36.0	37.0	38.0	39.0	40.0
129.flexbar_trim.R_2	4.0	206.0	3890.0	17367.0	32101.0	34281.0	33869.0	32845.0	32545.0	31049.0	31717.0	31877.0	35218.0	37680.0	41774.0	45812.0	53516.0	62610.0	80684.0	106334.0	159145.0	239424.0	410066.0	772678.0	1869373.0	3658030.0	970060.0
	16.0	17.0	18.0	19.0	20.0	21.0	22.0	23.0	24.0	25.0	26.0	27.0	28.0	29.0	30.0	31.0	32.0	33.0	34.0	35.0	36.0	37.0	38.0	39.0	40.0
13.flexbar_trim.R_1	1.0	101.0	897.0	3678.0	10120.0	18784.0	27241.0	32054.0	38240.0	43514.0	52753.0	60687.0	73796.0	85432.0	105284.0	125373.0	159756.0	202974.0	288461.0	432415.0	771058.0	1408109.0	3393728.0	8808456.0	1140463.0
	14.0	15.0	16.0	17.0	18.0	19.0	20.0	21.0	22.0	23.0	24.0	25.0	26.0	27.0	28.0	29.0	30.0	31.0	32.0	33.0	34.0	35.0	36.0	37.0	38.0	39.0	40.0
13.flexbar_trim.R_2	7.0	367.0	4182.0	16128.0	33106.0	44305.0	55506.0	59673.0	64548.0	69824.0	82243.0	91433.0	101654.0	106315.0	115993.0	122647.0	138984.0	155611.0	188766.0	228630.0	313353.0	451732.0	770388.0	1372748.0	3240292.0	8211590.0	1243350.0
	17.0	18.0	19.0	20.0	21.0	22.0	23.0	24.0	25.0	26.0	27.0	28.0	29.0	30.0	31.0	32.0	33.0	34.0	35.0	36.0	37.0	38.0	39.0	40.0
131.flexbar_trim.R_1	76.0	657.0	2431.0	6797.0	12051.0	17808.0	21497.0	25494.0	29205.0	35526.0	41241.0	51161.0	60084.0	78211.0	104738.0	135187.0	131221.0	150420.0	217522.0	392548.0	720226.0	1687631.0	3960104.0	543112.0
	14.0	15.0	16.0	17.0	18.0	19.0	20.0	21.0	22.0	23.0	24.0	25.0	26.0	27.0	28.0	29.0	30.0	31.0	32.0	33.0	34.0	35.0	36.0	37.0	38.0	39.0	40.0
131.flexbar_trim.R_2	3.0	268.0	3231.0	12416.0	23241.0	28008.0	32935.0	34613.0	36826.0	38877.0	45437.0	49463.0	55692.0	57497.0	63378.0	66323.0	74586.0	81769.0	98815.0	116763.0	159607.0	230016.0	389688.0	685902.0	1581528.0	3785272.0	672794.0
	16.0	17.0	18.0	19.0	20.0	21.0	22.0	23.0	24.0	25.0	26.0	27.0	28.0	29.0	30.0	31.0	32.0	33.0	34.0	35.0	36.0	37.0	38.0	39.0	40.0
137.flexbar_trim.R_1	1.0	47.0	524.0	1925.0	5140.0	9315.0	13307.0	16187.0	19355.0	21372.0	26133.0	30399.0	38243.0	46913.0	64460.0	90795.0	119453.0	115144.0	132029.0	197367.0	364796.0	680754.0	1608419.0	3689828.0	436293.0
	14.0	15.0	16.0	17.0	18.0	19.0	20.0	21.0	22.0	23.0	24.0	25.0	26.0	27.0	28.0	29.0	30.0	31.0	32.0	33.0	34.0	35.0	36.0	37.0	38.0	39.0	40.0
137.flexbar_trim.R_2	4.0	178.0	2411.0	10089.0	19182.0	22586.0	25935.0	27104.0	27755.0	27379.0	30258.0	32725.0	37333.0	39273.0	43865.0	47719.0	56020.0	65411.0	82161.0	102144.0	144665.0	213750.0	368375.0	657742.0	1510553.0	3567641.0	565941.0
	16.0	17.0	18.0	19.0	20.0	21.0	22.0	23.0	24.0	25.0	26.0	27.0	28.0	29.0	30.0	31.0	32.0	33.0	34.0	35.0	36.0	37.0	38.0	39.0	40.0
138.flexbar_trim.R_1	2.0	53.0	450.0	1659.0	4414.0	8097.0	12019.0	13953.0	16446.0	18408.0	22558.0	26391.0	33170.0	40842.0	56315.0	78912.0	104224.0	105432.0	129199.0	195813.0	366317.0	686827.0	1633999.0	3887825.0	471069.0
	14.0	15.0	16.0	17.0	18.0	19.0	20.0	21.0	22.0	23.0	24.0	25.0	26.0	27.0	28.0	29.0	30.0	31.0	32.0	33.0	34.0	35.0	36.0	37.0	38.0	39.0	40.0
138.flexbar_trim.R_2	2.0	144.0	2274.0	9780.0	18416.0	21427.0	24604.0	25086.0	25048.0	24685.0	26936.0	29336.0	32942.0	35298.0	40223.0	44138.0	52377.0	60356.0	77048.0	97101.0	139035.0	209903.0	367466.0	657317.0	1541814.0	3762691.0	588947.0
	16.0	17.0	18.0	19.0	20.0	21.0	22.0	23.0	24.0	25.0	26.0	27.0	28.0	29.0	30.0	31.0	32.0	33.0	34.0	35.0	36.0	37.0	38.0	39.0	40.0
139.flexbar_trim.R_1	1.0	59.0	624.0	2264.0	5926.0	10820.0	16301.0	19544.0	23384.0	26217.0	31940.0	37403.0	45752.0	54182.0	68812.0	87244.0	111247.0	119107.0	151453.0	226453.0	409689.0	758933.0	1813255.0	4450044.0	555182.0
	14.0	15.0	16.0	17.0	18.0	19.0	20.0	21.0	22.0	23.0	24.0	25.0	26.0	27.0	28.0	29.0	30.0	31.0	32.0	33.0	34.0	35.0	36.0	37.0	38.0	39.0	40.0
139.flexbar_trim.R_2	4.0	204.0	2585.0	10714.0	20840.0	25178.0	30204.0	32583.0	34761.0	37110.0	42194.0	45745.0	50445.0	52575.0	58403.0	62042.0	71303.0	80843.0	98531.0	119393.0	163701.0	238831.0	406746.0	717147.0	1675524.0	4248838.0	699392.0
	16.0	17.0	18.0	19.0	20.0	21.0	22.0	23.0	24.0	25.0	26.0	27.0	28.0	29.0	30.0	31.0	32.0	33.0	34.0	35.0	36.0	37.0	38.0	39.0	40.0
140.flexbar_trim.R_1	3.0	56.0	516.0	2070.0	5803.0	10955.0	16398.0	19159.0	23062.0	25725.0	31744.0	37589.0	46552.0	54524.0	69318.0	89010.0	115788.0	123515.0	156156.0	236265.0	429013.0	787314.0	1827649.0	4236596.0	502352.0
	14.0	15.0	16.0	17.0	18.0	19.0	20.0	21.0	22.0	23.0	24.0	25.0	26.0	27.0	28.0	29.0	30.0	31.0	32.0	33.0	34.0	35.0	36.0	37.0	38.0	39.0	40.0
140.flexbar_trim.R_2	6.0	225.0	2803.0	10984.0	22439.0	28663.0	34280.0	36728.0	38126.0	39323.0	43513.0	47251.0	54201.0	58378.0	65906.0	68978.0	77401.0	87141.0	106365.0	128005.0	174596.0	255178.0	434667.0	753645.0	1702754.0	3975181.0	600395.0
	16.0	17.0	18.0	19.0	20.0	21.0	22.0	23.0	24.0	25.0	26.0	27.0	28.0	29.0	30.0	31.0	32.0	33.0	34.0	35.0	36.0	37.0	38.0	39.0	40.0
147.flexbar_trim.R_1	2.0	73.0	686.0	2642.0	6838.0	12153.0	17636.0	20885.0	24050.0	26468.0	31306.0	35730.0	43496.0	52162.0	68635.0	93238.0	122690.0	121403.0	143316.0	210499.0	381221.0	705049.0	1647265.0	3870582.0	511436.0
	14.0	15.0	16.0	17.0	18.0	19.0	20.0	21.0	22.0	23.0	24.0	25.0	26.0	27.0	28.0	29.0	30.0	31.0	32.0	33.0	34.0	35.0	36.0	37.0	38.0	39.0	40.0
147.flexbar_trim.R_2	3.0	179.0	2378.0	10070.0	19118.0	22803.0	26038.0	27215.0	28008.0	28735.0	32611.0	35239.0	39954.0	43053.0	48194.0	52054.0	60448.0	68811.0	84529.0	103696.0	145218.0	212644.0	363177.0	645782.0	1522578.0	3838398.0	688528.0
	16.0	17.0	18.0	19.0	20.0	21.0	22.0	23.0	24.0	25.0	26.0	27.0	28.0	29.0	30.0	31.0	32.0	33.0	34.0	35.0	36.0	37.0	38.0	39.0	40.0
148.flexbar_trim.R_1	2.0	148.0	1328.0	5031.0	13430.0	23721.0	33569.0	38964.0	46450.0	51850.0	61085.0	70959.0	86555.0	101135.0	128705.0	162039.0	226736.0	282701.0	357842.0	509625.0	926486.0	1754686.0	4463951.0	12068212.0	1669531.0
	14.0	15.0	16.0	17.0	18.0	19.0	20.0	21.0	22.0	23.0	24.0	25.0	26.0	27.0	28.0	29.0	30.0	31.0	32.0	33.0	34.0	35.0	36.0	37.0	38.0	39.0	40.0
148.flexbar_trim.R_2	11.0	479.0	7478.0	31919.0	55185.0	57013.0	62895.0	63240.0	64417.0	64194.0	71845.0	77672.0	88430.0	96036.0	110980.0	122360.0	143177.0	162784.0	202807.0	251310.0	353647.0	526554.0	929763.0	1721942.0	4305534.0	11579350.0	1933719.0
	16.0	17.0	18.0	19.0	20.0	21.0	22.0	23.0	24.0	25.0	26.0	27.0	28.0	29.0	30.0	31.0	32.0	33.0	34.0	35.0	36.0	37.0	38.0	39.0	40.0
149.flexbar_trim.R_1	18.0	618.0	5275.0	18498.0	48077.0	86571.0	126481.0	158743.0	199056.0	231435.0	282957.0	334329.0	432180.0	552650.0	786281.0	1176720.0	1957305.0	2403543.0	2171290.0	2161820.0	3392524.0	6196603.0	15803304.0	44259197.0	7172225.0
	14.0	15.0	16.0	17.0	18.0	19.0	20.0	21.0	22.0	23.0	24.0	25.0	26.0	27.0	28.0	29.0	30.0	31.0	32.0	33.0	34.0	35.0	36.0	37.0	38.0	39.0	40.0
149.flexbar_trim.R_2	30.0	1819.0	32056.0	141395.0	244478.0	247476.0	253014.0	246784.0	246451.0	245356.0	270097.0	289681.0	325712.0	351175.0	403257.0	441132.0	520136.0	600953.0	768088.0	983126.0	1416210.0	2122483.0	3690549.0	6848334.0	17276244.0	43465298.0	8526366.0
	16.0	17.0	18.0	19.0	20.0	21.0	22.0	23.0	24.0	25.0	26.0	27.0	28.0	29.0	30.0	31.0	32.0	33.0	34.0	35.0	36.0	37.0	38.0	39.0	40.0
150.flexbar_trim.R_1	2.0	138.0	1234.0	4858.0	13222.0	23907.0	33911.0	39982.0	47990.0	54030.0	65087.0	75762.0	93565.0	111234.0	142082.0	184839.0	271440.0	343852.0	404100.0	544874.0	976046.0	1865240.0	4808031.0	13279710.0	2117291.0
	14.0	15.0	16.0	17.0	18.0	19.0	20.0	21.0	22.0	23.0	24.0	25.0	26.0	27.0	28.0	29.0	30.0	31.0	32.0	33.0	34.0	35.0	36.0	37.0	38.0	39.0	40.0
150.flexbar_trim.R_2	14.0	469.0	8378.0	36115.0	61883.0	61814.0	64662.0	64398.0	66476.0	69562.0	81181.0	91629.0	106564.0	113677.0	127338.0	137097.0	158121.0	179614.0	220487.0	270049.0	373394.0	555487.0	977208.0	1826676.0	4647594.0	12726001.0	2476539.0
	16.0	17.0	18.0	19.0	20.0	21.0	22.0	23.0	24.0	25.0	26.0	27.0	28.0	29.0	30.0	31.0	32.0	33.0	34.0	35.0	36.0	37.0	38.0	39.0	40.0
18.flexbar_trim.R_1	3.0	88.0	835.0	3380.0	9189.0	16994.0	24881.0	29526.0	36314.0	41410.0	50675.0	58625.0	71874.0	82064.0	98349.0	114589.0	144257.0	183246.0	259452.0	392023.0	701419.0	1289419.0	3161512.0	8644345.0	1142692.0
	14.0	15.0	16.0	17.0	18.0	19.0	20.0	21.0	22.0	23.0	24.0	25.0	26.0	27.0	28.0	29.0	30.0	31.0	32.0	33.0	34.0	35.0	36.0	37.0	38.0	39.0	40.0
18.flexbar_trim.R_2	15.0	365.0	3853.0	14170.0	28672.0	37751.0	47897.0	52234.0	58091.0	64246.0	77658.0	88015.0	99723.0	102173.0	111298.0	115766.0	128740.0	143228.0	172455.0	206516.0	281747.0	407220.0	698229.0	1249911.0	3026400.0	8091047.0	1249741.0
	16.0	17.0	18.0	19.0	20.0	21.0	22.0	23.0	24.0	25.0	26.0	27.0	28.0	29.0	30.0	31.0	32.0	33.0	34.0	35.0	36.0	37.0	38.0	39.0	40.0
19-G.flexbar_trim.R_1	2.0	130.0	1217.0	4741.0	13100.0	24012.0	34648.0	40202.0	47206.0	53015.0	63997.0	72628.0	89305.0	104863.0	131647.0	162136.0	218442.0	280761.0	384496.0	574858.0	1037168.0	1894212.0	4453810.0	10375705.0	1188511.0
	14.0	15.0	16.0	17.0	18.0	19.0	20.0	21.0	22.0	23.0	24.0	25.0	26.0	27.0	28.0	29.0	30.0	31.0	32.0	33.0	34.0	35.0	36.0	37.0	38.0	39.0	40.0
19-G.flexbar_trim.R_2	15.0	705.0	8886.0	35053.0	64191.0	74740.0	85547.0	86961.0	85853.0	84061.0	92559.0	99535.0	113685.0	124649.0	142832.0	156473.0	182153.0	206675.0	254415.0	311312.0	431812.0	627998.0	1063216.0	1846472.0	4137504.0	9588205.0	1345305.0
	16.0	17.0	18.0	19.0	20.0	21.0	22.0	23.0	24.0	25.0	26.0	27.0	28.0	29.0	30.0	31.0	32.0	33.0	34.0	35.0	36.0	37.0	38.0	39.0	40.0
19-S.flexbar_trim.R_1	3.0	149.0	1146.0	4468.0	12013.0	21900.0	30989.0	36060.0	42944.0	48534.0	58486.0	68114.0	83925.0	99142.0	126018.0	154711.0	208971.0	273564.0	390196.0	599113.0	1096404.0	2011680.0	4743934.0	11027397.0	1285297.0
	14.0	15.0	16.0	17.0	18.0	19.0	20.0	21.0	22.0	23.0	24.0	25.0	26.0	27.0	28.0	29.0	30.0	31.0	32.0	33.0	34.0	35.0	36.0	37.0	38.0	39.0	40.0
19-S.flexbar_trim.R_2	22.0	610.0	7458.0	30602.0	59159.0	71671.0	84427.0	84908.0	82672.0	80868.0	88849.0	95346.0	109584.0	119896.0	138449.0	153221.0	181051.0	206441.0	258419.0	320976.0	450462.0	665793.0	1132529.0	1951488.0	4406475.0	10154667.0	1489115.0
	16.0	17.0	18.0	19.0	20.0	21.0	22.0	23.0	24.0	25.0	26.0	27.0	28.0	29.0	30.0	31.0	32.0	33.0	34.0	35.0	36.0	37.0	38.0	39.0	40.0
19.flexbar_trim.R_1	5.0	77.0	885.0	3047.0	8450.0	15244.0	21990.0	25760.0	30543.0	34993.0	42619.0	49676.0	60382.0	68815.0	83627.0	100476.0	130963.0	173115.0	254908.0	389503.0	699922.0	1306501.0	3242736.0	8768788.0	1131453.0
	14.0	15.0	16.0	17.0	18.0	19.0	20.0	21.0	22.0	23.0	24.0	25.0	26.0	27.0	28.0	29.0	30.0	31.0	32.0	33.0	34.0	35.0	36.0	37.0	38.0	39.0	40.0
19.flexbar_trim.R_2	6.0	290.0	3598.0	14899.0	28898.0	35487.0	42664.0	46018.0	49956.0	53396.0	62996.0	71415.0	80733.0	84876.0	94198.0	99940.0	115638.0	130805.0	160949.0	195132.0	272709.0	406836.0	713419.0	1305769.0	3172702.0	8179441.0	1221708.0
	16.0	17.0	18.0	19.0	20.0	21.0	22.0	23.0	24.0	25.0	26.0	27.0	28.0	29.0	30.0	31.0	32.0	33.0	34.0	35.0	36.0	37.0	38.0	39.0	40.0
2.flexbar_trim.R_1	3.0	85.0	789.0	3108.0	8981.0	16496.0	23862.0	27569.0	32797.0	37559.0	45400.0	52888.0	65732.0	77393.0	97863.0	123674.0	169677.0	206352.0	275128.0	418067.0	772485.0	1447793.0	3605061.0	9589896.0	1171218.0
	14.0	15.0	16.0	17.0	18.0	19.0	20.0	21.0	22.0	23.0	24.0	25.0	26.0	27.0	28.0	29.0	30.0	31.0	32.0	33.0	34.0	35.0	36.0	37.0	38.0	39.0	40.0
2.flexbar_trim.R_2	12.0	345.0	6117.0	26555.0	46407.0	48881.0	54217.0	53593.0	53549.0	53793.0	60682.0	66946.0	75656.0	80643.0	91747.0	99630.0	116445.0	133964.0	170036.0	211387.0	300402.0	448471.0	781467.0	1389756.0	3375291.0	9091775.0	1432109.0
	16.0	17.0	18.0	19.0	20.0	21.0	22.0	23.0	24.0	25.0	26.0	27.0	28.0	29.0	30.0	31.0	32.0	33.0	34.0	35.0	36.0	37.0	38.0	39.0	40.0
20-G.flexbar_trim.R_1	4.0	112.0	1162.0	4381.0	12218.0	23010.0	33127.0	38506.0	46204.0	52211.0	62826.0	72878.0	89148.0	104630.0	131397.0	161612.0	216891.0	279448.0	389806.0	588487.0	1066617.0	1954198.0	4611592.0	11083825.0	1336406.0
	14.0	15.0	16.0	17.0	18.0	19.0	20.0	21.0	22.0	23.0	24.0	25.0	26.0	27.0	28.0	29.0	30.0	31.0	32.0	33.0	34.0	35.0	36.0	37.0	38.0	39.0	40.0
20-G.flexbar_trim.R_2	19.0	704.0	8251.0	33094.0	62295.0	72432.0	83535.0	84930.0	83444.0	83058.0	92332.0	99918.0	114135.0	125582.0	145833.0	160027.0	187066.0	212019.0	259658.0	318859.0	440154.0	641195.0	1086789.0	1887362.0	4295921.0	10289157.0	1492927.0
	16.0	17.0	18.0	19.0	20.0	21.0	22.0	23.0	24.0	25.0	26.0	27.0	28.0	29.0	30.0	31.0	32.0	33.0	34.0	35.0	36.0	37.0	38.0	39.0	40.0
20-S.flexbar_trim.R_1	3.0	104.0	995.0	3855.0	9977.0	18191.0	26192.0	29463.0	34943.0	39217.0	46579.0	53573.0	64721.0	75303.0	93711.0	113877.0	150584.0	192508.0	271333.0	404669.0	721344.0	1300074.0	3055055.0	7652793.0	964124.0
	14.0	15.0	16.0	17.0	18.0	19.0	20.0	21.0	22.0	23.0	24.0	25.0	26.0	27.0	28.0	29.0	30.0	31.0	32.0	33.0	34.0	35.0	36.0	37.0	38.0	39.0	40.0
20-S.flexbar_trim.R_2	22.0	438.0	4522.0	18611.0	39859.0	54941.0	66499.0	68872.0	67724.0	65692.0	71764.0	76961.0	87746.0	94706.0	107912.0	117534.0	136258.0	153841.0	188004.0	229720.0	314354.0	455629.0	763186.0	1303396.0	2925458.0	6915658.0	993881.0
	16.0	17.0	18.0	19.0	20.0	21.0	22.0	23.0	24.0	25.0	26.0	27.0	28.0	29.0	30.0	31.0	32.0	33.0	34.0	35.0	36.0	37.0	38.0	39.0	40.0
20.flexbar_trim.R_1	3.0	90.0	835.0	3322.0	9360.0	17208.0	24765.0	29268.0	35179.0	40114.0	48652.0	56336.0	68853.0	80010.0	98126.0	117603.0	154476.0	203143.0	292804.0	431947.0	747385.0	1329687.0	3157184.0	8078435.0	1008671.0
	14.0	15.0	16.0	17.0	18.0	19.0	20.0	21.0	22.0	23.0	24.0	25.0	26.0	27.0	28.0	29.0	30.0	31.0	32.0	33.0	34.0	35.0	36.0	37.0	38.0	39.0	40.0
20.flexbar_trim.R_2	10.0	341.0	4242.0	16282.0	32221.0	40864.0	49418.0	53145.0	57382.0	59633.0	68998.0	76114.0	84583.0	87355.0	95349.0	101351.0	115082.0	130766.0	162644.0	201841.0	281151.0	414089.0	717099.0	1307696.0	3086856.0	7627647.0	1161297.0
	16.0	17.0	18.0	19.0	20.0	21.0	22.0	23.0	24.0	25.0	26.0	27.0	28.0	29.0	30.0	31.0	32.0	33.0	34.0	35.0	36.0	37.0	38.0	39.0	40.0
21.flexbar_trim.R_1	2.0	77.0	763.0	3214.0	9493.0	17933.0	26757.0	32010.0	38613.0	44594.0	54664.0	63903.0	77254.0	86626.0	102669.0	118740.0	150840.0	193319.0	276782.0	416865.0	733186.0	1323320.0	3162617.0	8214664.0	1053293.0
	14.0	15.0	16.0	17.0	18.0	19.0	20.0	21.0	22.0	23.0	24.0	25.0	26.0	27.0	28.0	29.0	30.0	31.0	32.0	33.0	34.0	35.0	36.0	37.0	38.0	39.0	40.0
21.flexbar_trim.R_2	14.0	370.0	3838.0	14633.0	28876.0	40106.0	51393.0	56982.0	63856.0	71292.0	86712.0	98263.0	110348.0	110561.0	118645.0	121592.0	136339.0	150216.0	181340.0	214596.0	289843.0	420651.0	717787.0	1273575.0	3010293.0	7675750.0	1154327.0
	16.0	17.0	18.0	19.0	20.0	21.0	22.0	23.0	24.0	25.0	26.0	27.0	28.0	29.0	30.0	31.0	32.0	33.0	34.0	35.0	36.0	37.0	38.0	39.0	40.0
28.flexbar_trim.R_1	4.0	92.0	749.0	3109.0	8652.0	16014.0	23610.0	27664.0	33443.0	38101.0	46081.0	53060.0	64917.0	75211.0	92062.0	110943.0	146770.0	192432.0	279441.0	422146.0	751396.0	1382838.0	3415295.0	9315378.0	1189912.0
	14.0	15.0	16.0	17.0	18.0	19.0	20.0	21.0	22.0	23.0	24.0	25.0	26.0	27.0	28.0	29.0	30.0	31.0	32.0	33.0	34.0	35.0	36.0	37.0	38.0	39.0	40.0
28.flexbar_trim.R_2	12.0	390.0	4118.0	15819.0	31142.0	41039.0	49994.0	53569.0	56131.0	59466.0	68123.0	74962.0	85608.0	89422.0	98445.0	104436.0	120045.0	135987.0	168682.0	208522.0	290558.0	429045.0	750860.0	1366387.0	3313153.0	8730835.0	1342570.0
	16.0	17.0	18.0	19.0	20.0	21.0	22.0	23.0	24.0	25.0	26.0	27.0	28.0	29.0	30.0	31.0	32.0	33.0	34.0	35.0	36.0	37.0	38.0	39.0	40.0
29.flexbar_trim.R_1	1.0	92.0	725.0	3285.0	9248.0	17631.0	25408.0	30361.0	37192.0	42890.0	52723.0	61774.0	76151.0	87905.0	106303.0	124612.0	160501.0	204518.0	293965.0	444376.0	791760.0	1442791.0	3488590.0	8948360.0	1094955.0
	14.0	15.0	16.0	17.0	18.0	19.0	20.0	21.0	22.0	23.0	24.0	25.0	26.0	27.0	28.0	29.0	30.0	31.0	32.0	33.0	34.0	35.0	36.0	37.0	38.0	39.0	40.0
29.flexbar_trim.R_2	21.0	447.0	4337.0	16244.0	34027.0	47538.0	60522.0	65841.0	72486.0	77789.0	90774.0	97945.0	109181.0	113695.0	126333.0	133586.0	151574.0	168702.0	203344.0	240897.0	325195.0	470186.0	799058.0	1411765.0	3309566.0	8224655.0	1190409.0
	16.0	17.0	18.0	19.0	20.0	21.0	22.0	23.0	24.0	25.0	26.0	27.0	28.0	29.0	30.0	31.0	32.0	33.0	34.0	35.0	36.0	37.0	38.0	39.0	40.0
3.flexbar_trim.R_1	3.0	96.0	884.0	3423.0	9424.0	18227.0	26145.0	31658.0	38238.0	43997.0	54827.0	64474.0	80988.0	94771.0	118758.0	150305.0	205019.0	238168.0	296318.0	433028.0	797651.0	1506543.0	3754592.0	9836593.0	1332139.0
	14.0	15.0	16.0	17.0	18.0	19.0	20.0	21.0	22.0	23.0	24.0	25.0	26.0	27.0	28.0	29.0	30.0	31.0	32.0	33.0	34.0	35.0	36.0	37.0	38.0	39.0	40.0
3.flexbar_trim.R_2	9.0	468.0	6952.0	29159.0	50297.0	54170.0	59972.0	61395.0	65064.0	69063.0	81116.0	89310.0	104385.0	112570.0	123580.0	128323.0	142817.0	157231.0	189846.0	226430.0	309313.0	452940.0	781036.0	1418077.0	3489256.0	9334980.0	1598510.0
	17.0	18.0	19.0	20.0	21.0	22.0	23.0	24.0	25.0	26.0	27.0	28.0	29.0	30.0	31.0	32.0	33.0	34.0	35.0	36.0	37.0	38.0	39.0	40.0
30.flexbar_trim.R_1	110.0	894.0	3811.0	10463.0	19327.0	28404.0	32957.0	39168.0	44431.0	53691.0	63042.0	76452.0	89135.0	109222.0	129547.0	166293.0	213769.0	309205.0	474221.0	850787.0	1553805.0	3711923.0	9303983.0	1143622.0
	14.0	15.0	16.0	17.0	18.0	19.0	20.0	21.0	22.0	23.0	24.0	25.0	26.0	27.0	28.0	29.0	30.0	31.0	32.0	33.0	34.0	35.0	36.0	37.0	38.0	39.0	40.0
30.flexbar_trim.R_2	21.0	406.0	4467.0	17111.0	35159.0	47279.0	60199.0	64066.0	68648.0	72943.0	83086.0	88299.0	98041.0	104378.0	116435.0	124589.0	143221.0	162679.0	200645.0	244366.0	336324.0	492022.0	839545.0	1484957.0	3486991.0	8724366.0	1328019.0
	16.0	17.0	18.0	19.0	20.0	21.0	22.0	23.0	24.0	25.0	26.0	27.0	28.0	29.0	30.0	31.0	32.0	33.0	34.0	35.0	36.0	37.0	38.0	39.0	40.0
31.flexbar_trim.R_1	3.0	95.0	858.0	3404.0	9278.0	18204.0	25951.0	30087.0	35406.0	39347.0	46746.0	53679.0	66237.0	76999.0	96860.0	118477.0	160588.0	208817.0	295948.0	453851.0	829358.0	1530130.0	3680566.0	8993927.0	950172.0
	12.0	13.0	14.0	15.0	16.0	17.0	18.0	19.0	20.0	21.0	22.0	23.0	24.0	25.0	26.0	27.0	28.0	29.0	30.0	31.0	32.0	33.0	34.0	35.0	36.0	37.0	38.0	39.0	40.0
31.flexbar_trim.R_2	1.0	0.0	13.0	458.0	5742.0	23697.0	45781.0	57465.0	69231.0	70320.0	68267.0	66678.0	73679.0	78037.0	86208.0	91997.0	103574.0	112940.0	132790.0	153798.0	192738.0	240471.0	341916.0	509725.0	874977.0	1515379.0	3460840.0	8269149.0	1079117.0
	16.0	17.0	18.0	19.0	20.0	21.0	22.0	23.0	24.0	25.0	26.0	27.0	28.0	29.0	30.0	31.0	32.0	33.0	34.0	35.0	36.0	37.0	38.0	39.0	40.0
37.flexbar_trim.R_1	2.0	90.0	860.0	3315.0	8658.0	15957.0	22528.0	25616.0	29480.0	31879.0	37979.0	43281.0	52535.0	62245.0	77993.0	98016.0	136070.0	174200.0	230603.0	335277.0	605778.0	1141030.0	2877165.0	8082380.0	1150207.0
	14.0	15.0	16.0	17.0	18.0	19.0	20.0	21.0	22.0	23.0	24.0	25.0	26.0	27.0	28.0	29.0	30.0	31.0	32.0	33.0	34.0	35.0	36.0	37.0	38.0	39.0	40.0
37.flexbar_trim.R_2	8.0	265.0	4036.0	17187.0	30244.0	32026.0	35849.0	36631.0	37204.0	37646.0	42292.0	46385.0	54199.0	58563.0	68228.0	74603.0	88339.0	102232.0	129189.0	160081.0	224953.0	333213.0	582763.0	1070577.0	2711530.0	7867059.0	1397842.0
	16.0	17.0	18.0	19.0	20.0	21.0	22.0	23.0	24.0	25.0	26.0	27.0	28.0	29.0	30.0	31.0	32.0	33.0	34.0	35.0	36.0	37.0	38.0	39.0	40.0
38.flexbar_trim.R_1	5.0	102.0	950.0	3918.0	10482.0	19141.0	27429.0	32364.0	38239.0	42427.0	49845.0	57381.0	71794.0	87301.0	118376.0	165770.0	259127.0	329115.0	349254.0	401853.0	668304.0	1240619.0	3140481.0	8622784.0	1299138.0
	14.0	15.0	16.0	17.0	18.0	19.0	20.0	21.0	22.0	23.0	24.0	25.0	26.0	27.0	28.0	29.0	30.0	31.0	32.0	33.0	34.0	35.0	36.0	37.0	38.0	39.0	40.0
38.flexbar_trim.R_2	9.0	357.0	5413.0	22644.0	39737.0	41455.0	44544.0	44304.0	44570.0	44546.0	50182.0	55307.0	63668.0	68775.0	79394.0	87483.0	102838.0	118864.0	149564.0	186440.0	263106.0	390293.0	680383.0	1265734.0	3173084.0	8444088.0	1569417.0
	16.0	17.0	18.0	19.0	20.0	21.0	22.0	23.0	24.0	25.0	26.0	27.0	28.0	29.0	30.0	31.0	32.0	33.0	34.0	35.0	36.0	37.0	38.0	39.0	40.0
39.flexbar_trim.R_1	1.0	97.0	973.0	3982.0	10828.0	19828.0	27737.0	31925.0	35855.0	39029.0	45684.0	51442.0	62201.0	72759.0	92647.0	116407.0	163840.0	209754.0	274021.0	394189.0	714535.0	1338937.0	3324658.0	8659675.0	1137099.0
	14.0	15.0	16.0	17.0	18.0	19.0	20.0	21.0	22.0	23.0	24.0	25.0	26.0	27.0	28.0	29.0	30.0	31.0	32.0	33.0	34.0	35.0	36.0	37.0	38.0	39.0	40.0
39.flexbar_trim.R_2	10.0	333.0	4603.0	19396.0	34115.0	38306.0	43015.0	44537.0	45373.0	45089.0	51330.0	56255.0	64397.0	70772.0	82231.0	91421.0	108387.0	125187.0	157844.0	193181.0	269075.0	399937.0	699998.0	1276268.0	3109535.0	8378358.0	1419150.0
	16.0	17.0	18.0	19.0	20.0	21.0	22.0	23.0	24.0	25.0	26.0	27.0	28.0	29.0	30.0	31.0	32.0	33.0	34.0	35.0	36.0	37.0	38.0	39.0	40.0
4.flexbar_trim.R_1	4.0	86.0	938.0	3627.0	10801.0	21164.0	30668.0	35542.0	42240.0	48046.0	58027.0	67710.0	83214.0	98255.0	124136.0	156332.0	214310.0	258148.0	342858.0	522298.0	956006.0	1759632.0	4142350.0	9512735.0	958030.0
	13.0	14.0	15.0	16.0	17.0	18.0	19.0	20.0	21.0	22.0	23.0	24.0	25.0	26.0	27.0	28.0	29.0	30.0	31.0	32.0	33.0	34.0	35.0	36.0	37.0	38.0	39.0	40.0
4.flexbar_trim.R_2	1.0	20.0	616.0	7425.0	30760.0	56426.0	67261.0	79249.0	80694.0	81065.0	83067.0	93668.0	101225.0	113092.0	115688.0	128340.0	137181.0	159333.0	181514.0	226416.0	279649.0	392869.0	577364.0	983905.0	1701267.0	3795937.0	8822843.0	1150282.0
	16.0	17.0	18.0	19.0	20.0	21.0	22.0	23.0	24.0	25.0	26.0	27.0	28.0	29.0	30.0	31.0	32.0	33.0	34.0	35.0	36.0	37.0	38.0	39.0	40.0
40.flexbar_trim.R_1	2.0	92.0	929.0	3913.0	10756.0	19788.0	28875.0	34169.0	40540.0	44776.0	52592.0	59836.0	75204.0	92983.0	128036.0	182406.0	288425.0	357697.0	357466.0	380892.0	602986.0	1102010.0	2755313.0	7702659.0	1197866.0
	14.0	15.0	16.0	17.0	18.0	19.0	20.0	21.0	22.0	23.0	24.0	25.0	26.0	27.0	28.0	29.0	30.0	31.0	32.0	33.0	34.0	35.0	36.0	37.0	38.0	39.0	40.0
40.flexbar_trim.R_2	9.0	297.0	5102.0	21855.0	37433.0	37562.0	39612.0	39737.0	40737.0	41586.0	47384.0	51911.0	59909.0	64764.0	74749.0	82712.0	96891.0	111168.0	139945.0	173450.0	242766.0	353607.0	606231.0	1120051.0	2834583.0	7698509.0	1497651.0
	16.0	17.0	18.0	19.0	20.0	21.0	22.0	23.0	24.0	25.0	26.0	27.0	28.0	29.0	30.0	31.0	32.0	33.0	34.0	35.0	36.0	37.0	38.0	39.0	40.0
41.flexbar_trim.R_1	5.0	77.0	825.0	3286.0	8928.0	16800.0	24815.0	30536.0	37520.0	42855.0	51765.0	60086.0	78170.0	99988.0	145585.0	223112.0	373778.0	465413.0	425049.0	391272.0	573551.0	1035053.0	2617207.0	7359410.0	1116063.0
	14.0	15.0	16.0	17.0	18.0	19.0	20.0	21.0	22.0	23.0	24.0	25.0	26.0	27.0	28.0	29.0	30.0	31.0	32.0	33.0	34.0	35.0	36.0	37.0	38.0	39.0	40.0
41.flexbar_trim.R_2	3.0	313.0	5601.0	24010.0	41864.0	42072.0	42336.0	42141.0	42010.0	40305.0	42458.0	42981.0	48513.0	52898.0	61052.0	67722.0	81322.0	96024.0	123851.0	160509.0	233272.0	348291.0	603674.0	1141482.0	2872135.0	7479110.0	1445200.0
	16.0	17.0	18.0	19.0	20.0	21.0	22.0	23.0	24.0	25.0	26.0	27.0	28.0	29.0	30.0	31.0	32.0	33.0	34.0	35.0	36.0	37.0	38.0	39.0	40.0
47.flexbar_trim.R_1	2.0	106.0	803.0	3458.0	10235.0	19248.0	27704.0	31693.0	36182.0	39730.0	47080.0	53606.0	64792.0	75908.0	95583.0	119190.0	165397.0	211665.0	276754.0	397686.0	719116.0	1350091.0	3372325.0	8969825.0	1184024.0
	13.0	14.0	15.0	16.0	17.0	18.0	19.0	20.0	21.0	22.0	23.0	24.0	25.0	26.0	27.0	28.0	29.0	30.0	31.0	32.0	33.0	34.0	35.0	36.0	37.0	38.0	39.0	40.0
47.flexbar_trim.R_2	1.0	14.0	352.0	4938.0	20483.0	36772.0	41685.0	48409.0	49521.0	49801.0	51177.0	57987.0	63170.0	72765.0	78681.0	90124.0	98173.0	114956.0	132370.0	163866.0	202518.0	283794.0	420666.0	730729.0	1318003.0	3204960.0	8535184.0	1401104.0
	16.0	17.0	18.0	19.0	20.0	21.0	22.0	23.0	24.0	25.0	26.0	27.0	28.0	29.0	30.0	31.0	32.0	33.0	34.0	35.0	36.0	37.0	38.0	39.0	40.0
48.flexbar_trim.R_1	5.0	99.0	987.0	4222.0	11629.0	21191.0	29919.0	35163.0	40903.0	43955.0	51311.0	59073.0	73048.0	88999.0	119501.0	162077.0	248669.0	317316.0	361042.0	450411.0	775109.0	1438799.0	3567145.0	9495103.0	1366154.0
	14.0	15.0	16.0	17.0	18.0	19.0	20.0	21.0	22.0	23.0	24.0	25.0	26.0	27.0	28.0	29.0	30.0	31.0	32.0	33.0	34.0	35.0	36.0	37.0	38.0	39.0	40.0
48.flexbar_trim.R_2	8.0	278.0	5126.0	22721.0	39811.0	41925.0	46259.0	46204.0	45259.0	43443.0	47484.0	51094.0	58967.0	65523.0	77380.0	87158.0	104105.0	122496.0	156256.0	199267.0	286092.0	432289.0	756695.0	1395572.0	3476573.0	9380560.0	1773285.0
	15.0	16.0	17.0	18.0	19.0	20.0	21.0	22.0	23.0	24.0	25.0	26.0	27.0	28.0	29.0	30.0	31.0	32.0	33.0	34.0	35.0	36.0	37.0	38.0	39.0	40.0
49.flexbar_trim.R_1	1.0	8.0	106.0	1119.0	4685.0	13077.0	23823.0	34103.0	39385.0	45929.0	50429.0	59128.0	67410.0	81612.0	92690.0	113544.0	134755.0	174421.0	224454.0	319280.0	477179.0	848638.0	1551001.0	3741599.0	9457300.0	1151122.0
	14.0	15.0	16.0	17.0	18.0	19.0	20.0	21.0	22.0	23.0	24.0	25.0	26.0	27.0	28.0	29.0	30.0	31.0	32.0	33.0	34.0	35.0	36.0	37.0	38.0	39.0	40.0
49.flexbar_trim.R_2	23.0	508.0	7047.0	28093.0	51446.0	57149.0	65029.0	66594.0	67851.0	70375.0	80039.0	88181.0	99380.0	106178.0	118287.0	127868.0	148617.0	166651.0	203733.0	246031.0	338726.0	491897.0	837197.0	1487255.0	3513569.0	8872426.0	1366648.0
	17.0	18.0	19.0	20.0	21.0	22.0	23.0	24.0	25.0	26.0	27.0	28.0	29.0	30.0	31.0	32.0	33.0	34.0	35.0	36.0	37.0	38.0	39.0	40.0
5.flexbar_trim.R_1	89.0	857.0	3763.0	10479.0	19942.0	28962.0	33578.0	40346.0	45458.0	55223.0	63671.0	78362.0	91825.0	116393.0	149222.0	206269.0	241051.0	300450.0	436213.0	794799.0	1474432.0	3611100.0	9497147.0	1240540.0
	14.0	15.0	16.0	17.0	18.0	19.0	20.0	21.0	22.0	23.0	24.0	25.0	26.0	27.0	28.0	29.0	30.0	31.0	32.0	33.0	34.0	35.0	36.0	37.0	38.0	39.0	40.0
5.flexbar_trim.R_2	8.0	428.0	6714.0	28429.0	48919.0	50336.0	55174.0	56843.0	59787.0	64377.0	76987.0	87163.0	99732.0	106165.0	119245.0	125870.0	143172.0	161080.0	194351.0	233162.0	320926.0	463203.0	785743.0	1389258.0	3346098.0	9021821.0	1495180.0
	16.0	17.0	18.0	19.0	20.0	21.0	22.0	23.0	24.0	25.0	26.0	27.0	28.0	29.0	30.0	31.0	32.0	33.0	34.0	35.0	36.0	37.0	38.0	39.0	40.0
50.flexbar_trim.R_1	4.0	107.0	955.0	3707.0	10451.0	19772.0	28223.0	32388.0	38348.0	42962.0	51198.0	59308.0	72232.0	82536.0	100769.0	119776.0	154322.0	199808.0	289059.0	435831.0	782237.0	1438011.0	3515322.0	9124401.0	1062698.0
	14.0	15.0	16.0	17.0	18.0	19.0	20.0	21.0	22.0	23.0	24.0	25.0	26.0	27.0	28.0	29.0	30.0	31.0	32.0	33.0	34.0	35.0	36.0	37.0	38.0	39.0	40.0
50.flexbar_trim.R_2	9.0	481.0	6336.0	26191.0	46940.0	52769.0	59631.0	59974.0	61137.0	62545.0	71772.0	80045.0	90868.0	96365.0	108012.0	115275.0	133402.0	149844.0	184041.0	225166.0	311450.0	458530.0	786283.0	1396982.0	3317099.0	8515562.0	1247716.0
	16.0	17.0	18.0	19.0	20.0	21.0	22.0	23.0	24.0	25.0	26.0	27.0	28.0	29.0	30.0	31.0	32.0	33.0	34.0	35.0	36.0	37.0	38.0	39.0	40.0
57-G.flexbar_trim.R_1	8.0	158.0	1348.0	5462.0	14868.0	27833.0	40119.0	46154.0	55248.0	62450.0	74495.0	86003.0	104683.0	121156.0	152545.0	187382.0	250151.0	320068.0	446107.0	671281.0	1222203.0	2257773.0	5443456.0	13491828.0	1622626.0
	14.0	15.0	16.0	17.0	18.0	19.0	20.0	21.0	22.0	23.0	24.0	25.0	26.0	27.0	28.0	29.0	30.0	31.0	32.0	33.0	34.0	35.0	36.0	37.0	38.0	39.0	40.0
57-G.flexbar_trim.R_2	23.0	872.0	9623.0	38401.0	70146.0	81044.0	92867.0	94923.0	95292.0	94356.0	106690.0	116016.0	134101.0	146754.0	168641.0	186221.0	216253.0	244436.0	299300.0	365925.0	505545.0	734246.0	1252755.0	2196925.0	5086231.0	12530351.0	1837468.0
	16.0	17.0	18.0	19.0	20.0	21.0	22.0	23.0	24.0	25.0	26.0	27.0	28.0	29.0	30.0	31.0	32.0	33.0	34.0	35.0	36.0	37.0	38.0	39.0	40.0
57-S.flexbar_trim.R_1	4.0	142.0	1550.0	6432.0	17161.0	30048.0	43154.0	52760.0	62657.0	68982.0	83083.0	94360.0	115005.0	136408.0	177975.0	237458.0	349827.0	435261.0	462359.0	436588.0	553766.0	876025.0	1953154.0	5076383.0	901443.0
	14.0	15.0	16.0	17.0	18.0	19.0	20.0	21.0	22.0	23.0	24.0	25.0	26.0	27.0	28.0	29.0	30.0	31.0	32.0	33.0	34.0	35.0	36.0	37.0	38.0	39.0	40.0
57-S.flexbar_trim.R_2	7.0	271.0	3639.0	15819.0	32650.0	43938.0	55250.0	61643.0	66647.0	68194.0	75816.0	81732.0	94981.0	105822.0	123206.0	132664.0	148006.0	157023.0	179547.0	204529.0	260379.0	346702.0	555039.0	982592.0	2277035.0	5037445.0	1061409.0
	16.0	17.0	18.0	19.0	20.0	21.0	22.0	23.0	24.0	25.0	26.0	27.0	28.0	29.0	30.0	31.0	32.0	33.0	34.0	35.0	36.0	37.0	38.0	39.0	40.0
57.flexbar_trim.R_1	4.0	94.0	915.0	3391.0	10088.0	18532.0	26546.0	30922.0	36033.0	39785.0	47767.0	55255.0	67331.0	77507.0	95198.0	114029.0	149132.0	194667.0	282228.0	430248.0	779766.0	1461100.0	3676699.0	9578016.0	1208027.0
	14.0	15.0	16.0	17.0	18.0	19.0	20.0	21.0	22.0	23.0	24.0	25.0	26.0	27.0	28.0	29.0	30.0	31.0	32.0	33.0	34.0	35.0	36.0	37.0	38.0	39.0	40.0
57.flexbar_trim.R_2	10.0	445.0	6469.0	26976.0	47717.0	50656.0	56372.0	56447.0	57110.0	58018.0	65697.0	71956.0	81660.0	88419.0	100516.0	108949.0	126499.0	143869.0	176926.0	216634.0	299885.0	445575.0	776951.0	1417367.0	3459530.0	8976726.0	1465901.0
	16.0	17.0	18.0	19.0	20.0	21.0	22.0	23.0	24.0	25.0	26.0	27.0	28.0	29.0	30.0	31.0	32.0	33.0	34.0	35.0	36.0	37.0	38.0	39.0	40.0
58-G.flexbar_trim.R_1	3.0	169.0	1411.0	5717.0	16631.0	30625.0	44079.0	51249.0	61166.0	68672.0	81433.0	93894.0	113342.0	132316.0	165033.0	203229.0	271860.0	347474.0	481397.0	718407.0	1297121.0	2377585.0	5647557.0	13515221.0	1568884.0
	13.0	14.0	15.0	16.0	17.0	18.0	19.0	20.0	21.0	22.0	23.0	24.0	25.0	26.0	27.0	28.0	29.0	30.0	31.0	32.0	33.0	34.0	35.0	36.0	37.0	38.0	39.0	40.0
58-G.flexbar_trim.R_2	1.0	34.0	999.0	11367.0	45278.0	83414.0	94764.0	109668.0	110940.0	110874.0	110058.0	122275.0	131740.0	150920.0	163938.0	188441.0	206267.0	239083.0	267921.0	326639.0	400252.0	547726.0	795198.0	1338634.0	2325012.0	5267741.0	12424858.0	1720433.0
	16.0	17.0	18.0	19.0	20.0	21.0	22.0	23.0	24.0	25.0	26.0	27.0	28.0	29.0	30.0	31.0	32.0	33.0	34.0	35.0	36.0	37.0	38.0	39.0	40.0
58-S.flexbar_trim.R_1	5.0	91.0	1137.0	4409.0	11999.0	21307.0	31098.0	37083.0	42125.0	46006.0	52981.0	59109.0	71441.0	83393.0	106033.0	136234.0	193940.0	246829.0	300324.0	368868.0	595134.0	1079629.0	2656982.0	7225171.0	1181018.0
	14.0	15.0	16.0	17.0	18.0	19.0	20.0	21.0	22.0	23.0	24.0	25.0	26.0	27.0	28.0	29.0	30.0	31.0	32.0	33.0	34.0	35.0	36.0	37.0	38.0	39.0	40.0
58-S.flexbar_trim.R_2	4.0	273.0	3301.0	13598.0	26328.0	32628.0	39222.0	41778.0	44532.0	45535.0	50570.0	54516.0	62573.0	68638.0	79728.0	88602.0	103677.0	116229.0	141952.0	173341.0	236744.0	343705.0	593436.0	1104790.0	2704983.0	7044678.0	1336985.0
	16.0	17.0	18.0	19.0	20.0	21.0	22.0	23.0	24.0	25.0	26.0	27.0	28.0	29.0	30.0	31.0	32.0	33.0	34.0	35.0	36.0	37.0	38.0	39.0	40.0
58.flexbar_trim.R_1	5.0	113.0	1135.0	4820.0	13964.0	25707.0	36670.0	42204.0	48700.0	53424.0	62322.0	70818.0	85602.0	98269.0	119827.0	142493.0	185237.0	240046.0	339353.0	495595.0	863000.0	1558137.0	3719330.0	9045080.0	1052654.0
	14.0	15.0	16.0	17.0	18.0	19.0	20.0	21.0	22.0	23.0	24.0	25.0	26.0	27.0	28.0	29.0	30.0	31.0	32.0	33.0	34.0	35.0	36.0	37.0	38.0	39.0	40.0
58.flexbar_trim.R_2	20.0	563.0	7246.0	28512.0	52438.0	58292.0	66040.0	67559.0	69279.0	70182.0	79955.0	87388.0	99039.0	104495.0	118056.0	126862.0	146197.0	164833.0	203945.0	247290.0	340183.0	494677.0	842062.0	1502040.0	3494875.0	8524008.0	1308469.0
	16.0	17.0	18.0	19.0	20.0	21.0	22.0	23.0	24.0	25.0	26.0	27.0	28.0	29.0	30.0	31.0	32.0	33.0	34.0	35.0	36.0	37.0	38.0	39.0	40.0
59.flexbar_trim.R_1	4.0	95.0	807.0	3206.0	9172.0	17498.0	25145.0	28663.0	33679.0	37448.0	44227.0	51081.0	62548.0	73465.0	93778.0	116289.0	156904.0	209419.0	306636.0	465013.0	838422.0	1531359.0	3632656.0	8776254.0	947122.0
	14.0	15.0	16.0	17.0	18.0	19.0	20.0	21.0	22.0	23.0	24.0	25.0	26.0	27.0	28.0	29.0	30.0	31.0	32.0	33.0	34.0	35.0	36.0	37.0	38.0	39.0	40.0
59.flexbar_trim.R_2	9.0	377.0	5982.0	26061.0	46505.0	51569.0	58034.0	58170.0	56968.0	56494.0	62499.0	66362.0	75327.0	79753.0	91256.0	100255.0	120908.0	141808.0	180532.0	228540.0	328199.0	497656.0	867183.0	1529270.0	3498850.0	8171139.0	1061184.0
	16.0	17.0	18.0	19.0	20.0	21.0	22.0	23.0	24.0	25.0	26.0	27.0	28.0	29.0	30.0	31.0	32.0	33.0	34.0	35.0	36.0	37.0	38.0	39.0	40.0
60.flexbar_trim.R_1	3.0	103.0	1015.0	4306.0	12309.0	22656.0	32195.0	37856.0	44316.0	49672.0	60523.0	69089.0	84111.0	96389.0	117059.0	136687.0	175686.0	224811.0	317632.0	474683.0	839876.0	1537216.0	3764073.0	9768522.0	1161776.0
	13.0	14.0	15.0	16.0	17.0	18.0	19.0	20.0	21.0	22.0	23.0	24.0	25.0	26.0	27.0	28.0	29.0	30.0	31.0	32.0	33.0	34.0	35.0	36.0	37.0	38.0	39.0	40.0
60.flexbar_trim.R_2	1.0	20.0	562.0	7090.0	28851.0	51700.0	57250.0	65583.0	67675.0	70783.0	75398.0	87318.0	95654.0	106814.0	112205.0	124787.0	132289.0	150123.0	167962.0	205255.0	248042.0	337796.0	488366.0	832006.0	1479253.0	3527661.0	9100923.0	1411197.0
	16.0	17.0	18.0	19.0	20.0	21.0	22.0	23.0	24.0	25.0	26.0	27.0	28.0	29.0	30.0	31.0	32.0	33.0	34.0	35.0	36.0	37.0	38.0	39.0	40.0
67.flexbar_trim.R_1	3.0	88.0	954.0	3852.0	11105.0	21010.0	30485.0	35948.0	42607.0	48854.0	58671.0	68295.0	83264.0	96146.0	118369.0	142411.0	188281.0	250343.0	356379.0	523496.0	912156.0	1637282.0	3916188.0	9599640.0	1036015.0
	13.0	14.0	15.0	16.0	17.0	18.0	19.0	20.0	21.0	22.0	23.0	24.0	25.0	26.0	27.0	28.0	29.0	30.0	31.0	32.0	33.0	34.0	35.0	36.0	37.0	38.0	39.0	40.0
67.flexbar_trim.R_2	1.0	13.0	572.0	7596.0	31448.0	56397.0	64046.0	72717.0	72971.0	73576.0	75122.0	85398.0	93184.0	104971.0	110484.0	123963.0	132721.0	152784.0	173534.0	215199.0	263753.0	367311.0	541796.0	923958.0	1626856.0	3762394.0	8835830.0	1213247.0
	16.0	17.0	18.0	19.0	20.0	21.0	22.0	23.0	24.0	25.0	26.0	27.0	28.0	29.0	30.0	31.0	32.0	33.0	34.0	35.0	36.0	37.0	38.0	39.0	40.0
68.flexbar_trim.R_1	6.0	117.0	1069.0	4656.0	12921.0	23897.0	33824.0	38709.0	45595.0	51028.0	61328.0	69561.0	84987.0	97309.0	117736.0	138903.0	179195.0	231494.0	332141.0	500168.0	895884.0	1635850.0	3906345.0	9496642.0	1104173.0
	14.0	15.0	16.0	17.0	18.0	19.0	20.0	21.0	22.0	23.0	24.0	25.0	26.0	27.0	28.0	29.0	30.0	31.0	32.0	33.0	34.0	35.0	36.0	37.0	38.0	39.0	40.0
68.flexbar_trim.R_2	19.0	556.0	7153.0	29141.0	52422.0	59342.0	67970.0	68993.0	71209.0	73839.0	84549.0	93033.0	106842.0	113098.0	126920.0	135804.0	155557.0	173174.0	211393.0	256174.0	351118.0	507803.0	866984.0	1530783.0	3583808.0	8951473.0	1384381.0
	16.0	17.0	18.0	19.0	20.0	21.0	22.0	23.0	24.0	25.0	26.0	27.0	28.0	29.0	30.0	31.0	32.0	33.0	34.0	35.0	36.0	37.0	38.0	39.0	40.0
69.flexbar_trim.R_1	1.0	135.0	952.0	3767.0	10492.0	19506.0	27862.0	32239.0	37140.0	40980.0	48487.0	55487.0	67921.0	79989.0	103064.0	133692.0	179798.0	200228.0	250086.0	372068.0	677218.0	1256183.0	3100392.0	8480878.0	1194035.0
	14.0	15.0	16.0	17.0	18.0	19.0	20.0	21.0	22.0	23.0	24.0	25.0	26.0	27.0	28.0	29.0	30.0	31.0	32.0	33.0	34.0	35.0	36.0	37.0	38.0	39.0	40.0
69.flexbar_trim.R_2	9.0	360.0	3926.0	15431.0	30538.0	39601.0	48312.0	51174.0	52608.0	53396.0	61113.0	67038.0	76028.0	81480.0	93291.0	101226.0	116890.0	133134.0	163631.0	199112.0	276352.0	403281.0	691842.0	1236903.0	2980512.0	8023980.0	1371432.0
	17.0	18.0	19.0	20.0	21.0	22.0	23.0	24.0	25.0	26.0	27.0	28.0	29.0	30.0	31.0	32.0	33.0	34.0	35.0	36.0	37.0	38.0	39.0	40.0
70.flexbar_trim.R_1	86.0	764.0	3252.0	8924.0	15938.0	23166.0	27231.0	32103.0	35812.0	42271.0	49415.0	60784.0	73913.0	99603.0	141920.0	203157.0	204103.0	212581.0	300054.0	540976.0	1003150.0	2526045.0	7530032.0	1172751.0
	14.0	15.0	16.0	17.0	18.0	19.0	20.0	21.0	22.0	23.0	24.0	25.0	26.0	27.0	28.0	29.0	30.0	31.0	32.0	33.0	34.0	35.0	36.0	37.0	38.0	39.0	40.0
70.flexbar_trim.R_2	5.0	270.0	3385.0	14235.0	26587.0	31783.0	37318.0	39634.0	42000.0	43152.0	49609.0	54135.0	61509.0	66462.0	75592.0	82128.0	95134.0	107328.0	132419.0	161358.0	222762.0	324098.0	554138.0	1001637.0	2489371.0	7216964.0	1375018.0
	16.0	17.0	18.0	19.0	20.0	21.0	22.0	23.0	24.0	25.0	26.0	27.0	28.0	29.0	30.0	31.0	32.0	33.0	34.0	35.0	36.0	37.0	38.0	39.0	40.0
78.flexbar_trim.R_1	1.0	91.0	879.0	3424.0	9056.0	16190.0	23615.0	27966.0	33261.0	37626.0	45730.0	52822.0	66236.0	79879.0	107178.0	150281.0	211473.0	216978.0	234168.0	337859.0	619074.0	1172999.0	3030518.0	8999898.0	1484185.0
	14.0	15.0	16.0	17.0	18.0	19.0	20.0	21.0	22.0	23.0	24.0	25.0	26.0	27.0	28.0	29.0	30.0	31.0	32.0	33.0	34.0	35.0	36.0	37.0	38.0	39.0	40.0
78.flexbar_trim.R_2	7.0	289.0	3696.0	15394.0	28477.0	32606.0	38117.0	39695.0	43341.0	46426.0	55764.0	63084.0	74319.0	80218.0	90641.0	97297.0	112842.0	126662.0	153454.0	182205.0	247329.0	358240.0	621900.0	1155148.0	2955221.0	8586000.0	1753015.0
	16.0	17.0	18.0	19.0	20.0	21.0	22.0	23.0	24.0	25.0	26.0	27.0	28.0	29.0	30.0	31.0	32.0	33.0	34.0	35.0	36.0	37.0	38.0	39.0	40.0
79.flexbar_trim.R_1	3.0	92.0	906.0	3465.0	9857.0	17825.0	26214.0	30052.0	35491.0	40432.0	49156.0	56471.0	70104.0	82597.0	103860.0	130337.0	172879.0	202097.0	267922.0	406296.0	746986.0	1394096.0	3453963.0	9170750.0	1184824.0
	14.0	15.0	16.0	17.0	18.0	19.0	20.0	21.0	22.0	23.0	24.0	25.0	26.0	27.0	28.0	29.0	30.0	31.0	32.0	33.0	34.0	35.0	36.0	37.0	38.0	39.0	40.0
79.flexbar_trim.R_2	12.0	306.0	3753.0	15960.0	31922.0	41220.0	51392.0	55193.0	57910.0	60274.0	69911.0	77085.0	86664.0	92275.0	103290.0	110410.0	127423.0	145074.0	179558.0	221640.0	306626.0	449596.0	773718.0	1374773.0	3267538.0	8547318.0	1405834.0
	16.0	17.0	18.0	19.0	20.0	21.0	22.0	23.0	24.0	25.0	26.0	27.0	28.0	29.0	30.0	31.0	32.0	33.0	34.0	35.0	36.0	37.0	38.0	39.0	40.0
80.flexbar_trim.R_1	4.0	86.0	722.0	3209.0	9144.0	16873.0	24362.0	28470.0	33094.0	37221.0	43898.0	51001.0	61670.0	71597.0	88706.0	109303.0	142583.0	165242.0	216676.0	322688.0	574670.0	1048352.0	2548443.0	7057732.0	1049019.0
	14.0	15.0	16.0	17.0	18.0	19.0	20.0	21.0	22.0	23.0	24.0	25.0	26.0	27.0	28.0	29.0	30.0	31.0	32.0	33.0	34.0	35.0	36.0	37.0	38.0	39.0	40.0
80.flexbar_trim.R_2	14.0	269.0	3219.0	12857.0	24592.0	32310.0	39438.0	43149.0	48099.0	52500.0	61515.0	67435.0	76197.0	80535.0	90240.0	95359.0	109414.0	121739.0	145893.0	172231.0	231087.0	330366.0	561478.0	995141.0	2404929.0	6688116.0	1216643.0
	16.0	17.0	18.0	19.0	20.0	21.0	22.0	23.0	24.0	25.0	26.0	27.0	28.0	29.0	30.0	31.0	32.0	33.0	34.0	35.0	36.0	37.0	38.0	39.0	40.0
83.flexbar_trim.R_1	6.0	98.0	756.0	3100.0	8625.0	15589.0	22439.0	25968.0	30165.0	33474.0	39624.0	45545.0	55553.0	65240.0	83349.0	107219.0	144697.0	165617.0	209721.0	316398.0	584865.0	1108856.0	2843526.0	8331989.0	1194840.0
	14.0	15.0	16.0	17.0	18.0	19.0	20.0	21.0	22.0	23.0	24.0	25.0	26.0	27.0	28.0	29.0	30.0	31.0	32.0	33.0	34.0	35.0	36.0	37.0	38.0	39.0	40.0
83.flexbar_trim.R_2	4.0	223.0	3082.0	12478.0	24124.0	28658.0	35349.0	37461.0	39636.0	41725.0	48208.0	53512.0	62093.0	66223.0	74730.0	80131.0	92896.0	106316.0	133263.0	165403.0	229966.0	339891.0	593178.0	1086492.0	2726135.0	7937504.0	1418578.0
	16.0	17.0	18.0	19.0	20.0	21.0	22.0	23.0	24.0	25.0	26.0	27.0	28.0	29.0	30.0	31.0	32.0	33.0	34.0	35.0	36.0	37.0	38.0	39.0	40.0
88.flexbar_trim.R_1	4.0	127.0	1045.0	4500.0	12449.0	22073.0	31725.0	37699.0	43610.0	48897.0	56795.0	65825.0	82175.0	100315.0	137082.0	198830.0	283154.0	279238.0	284421.0	405402.0	735906.0	1373354.0	3448381.0	9600957.0	1482091.0
	14.0	15.0	16.0	17.0	18.0	19.0	20.0	21.0	22.0	23.0	24.0	25.0	26.0	27.0	28.0	29.0	30.0	31.0	32.0	33.0	34.0	35.0	36.0	37.0	38.0	39.0	40.0
88.flexbar_trim.R_2	10.0	245.0	3376.0	14746.0	28541.0	35996.0	44039.0	47247.0	51416.0	54701.0	65122.0	73881.0	86997.0	94919.0	111047.0	121418.0	140200.0	159372.0	195993.0	231091.0	308662.0	440739.0	749104.0	1353215.0	3335887.0	9202736.0	1785355.0
	16.0	17.0	18.0	19.0	20.0	21.0	22.0	23.0	24.0	25.0	26.0	27.0	28.0	29.0	30.0	31.0	32.0	33.0	34.0	35.0	36.0	37.0	38.0	39.0	40.0
90.flexbar_trim.R_1	4.0	115.0	1084.0	4259.0	11552.0	20852.0	29871.0	35106.0	40547.0	44700.0	53237.0	61360.0	75894.0	91567.0	122492.0	169233.0	237411.0	243153.0	265150.0	381420.0	690097.0	1279319.0	3149482.0	8669654.0	1325890.0
	14.0	15.0	16.0	17.0	18.0	19.0	20.0	21.0	22.0	23.0	24.0	25.0	26.0	27.0	28.0	29.0	30.0	31.0	32.0	33.0	34.0	35.0	36.0	37.0	38.0	39.0	40.0
90.flexbar_trim.R_2	8.0	240.0	3430.0	14742.0	28459.0	34448.0	41036.0	43687.0	46931.0	49504.0	59253.0	68251.0	81038.0	88094.0	102238.0	110505.0	126895.0	144304.0	174599.0	208423.0	278433.0	395984.0	672489.0	1214451.0	2990276.0	8369933.0	1655798.0
	16.0	17.0	18.0	19.0	20.0	21.0	22.0	23.0	24.0	25.0	26.0	27.0	28.0	29.0	30.0	31.0	32.0	33.0	34.0	35.0	36.0	37.0	38.0	39.0	40.0
91.flexbar_trim.R_1	1.0	90.0	921.0	3768.0	10850.0	20107.0	29464.0	35022.0	42051.0	47269.0	57835.0	67540.0	82801.0	97415.0	124780.0	160491.0	210460.0	229609.0	297802.0	450445.0	818048.0	1510217.0	3694657.0	9621977.0	1218418.0
	13.0	14.0	15.0	16.0	17.0	18.0	19.0	20.0	21.0	22.0	23.0	24.0	25.0	26.0	27.0	28.0	29.0	30.0	31.0	32.0	33.0	34.0	35.0	36.0	37.0	38.0	39.0	40.0
91.flexbar_trim.R_2	2.0	19.0	521.0	5632.0	23258.0	44003.0	54162.0	64423.0	67782.0	70766.0	73769.0	85869.0	94220.0	104401.0	109213.0	120667.0	127545.0	146594.0	164057.0	200448.0	243193.0	335459.0	490937.0	834052.0	1474267.0	3489614.0	8993340.0	1413825.0
	16.0	17.0	18.0	19.0	20.0	21.0	22.0	23.0	24.0	25.0	26.0	27.0	28.0	29.0	30.0	31.0	32.0	33.0	34.0	35.0	36.0	37.0	38.0	39.0	40.0
92.flexbar_trim.R_1	2.0	114.0	924.0	4022.0	10519.0	17104.0	23102.0	26576.0	31000.0	34292.0	39993.0	45106.0	54726.0	63353.0	78691.0	97929.0	134538.0	154495.0	198125.0	295260.0	516244.0	938927.0	2386916.0	7638732.0	1186900.0
	14.0	15.0	16.0	17.0	18.0	19.0	20.0	21.0	22.0	23.0	24.0	25.0	26.0	27.0	28.0	29.0	30.0	31.0	32.0	33.0	34.0	35.0	36.0	37.0	38.0	39.0	40.0
92.flexbar_trim.R_2	28.0	422.0	4342.0	16626.0	31249.0	36605.0	42562.0	41868.0	42838.0	44895.0	51113.0	56933.0	64471.0	65684.0	71024.0	74971.0	85545.0	96118.0	117893.0	143146.0	197834.0	285809.0	484631.0	880400.0	2151504.0	7303695.0	1585384.0
	16.0	17.0	18.0	19.0	20.0	21.0	22.0	23.0	24.0	25.0	26.0	27.0	28.0	29.0	30.0	31.0	32.0	33.0	34.0	35.0	36.0	37.0	38.0	39.0	40.0
97.flexbar_trim.R_1	5.0	89.0	877.0	3437.0	8856.0	16041.0	23132.0	26132.0	29744.0	31615.0	36759.0	41910.0	51832.0	64382.0	90065.0	132437.0	180950.0	176102.0	204732.0	316710.0	603481.0	1183447.0	3115483.0	9054041.0	1434427.0
	14.0	15.0	16.0	17.0	18.0	19.0	20.0	21.0	22.0	23.0	24.0	25.0	26.0	27.0	28.0	29.0	30.0	31.0	32.0	33.0	34.0	35.0	36.0	37.0	38.0	39.0	40.0
97.flexbar_trim.R_2	6.0	222.0	4248.0	18619.0	32510.0	33027.0	34681.0	35025.0	34502.0	33518.0	37151.0	40736.0	47803.0	53477.0	63037.0	70699.0	84664.0	99397.0	126222.0	158152.0	224693.0	339364.0	611437.0	1161444.0	3003185.0	8731797.0	1747070.0
	16.0	17.0	18.0	19.0	20.0	21.0	22.0	23.0	24.0	25.0	26.0	27.0	28.0	29.0	30.0	31.0	32.0	33.0	34.0	35.0	36.0	37.0	38.0	39.0	40.0
98.flexbar_trim.R_1	3.0	125.0	1099.0	4214.0	11475.0	21629.0	31079.0	37357.0	44478.0	49447.0	59168.0	69580.0	89286.0	114856.0	170789.0	267925.0	363105.0	299703.0	293534.0	437326.0	816133.0	1553406.0	3931434.0	10609862.0	1475429.0
	13.0	14.0	15.0	16.0	17.0	18.0	19.0	20.0	21.0	22.0	23.0	24.0	25.0	26.0	27.0	28.0	29.0	30.0	31.0	32.0	33.0	34.0	35.0	36.0	37.0	38.0	39.0	40.0
98.flexbar_trim.R_2	1.0	5.0	344.0	5983.0	26693.0	49023.0	53303.0	59139.0	60557.0	60260.0	58710.0	63138.0	69295.0	79768.0	86632.0	100689.0	112491.0	132572.0	153044.0	193440.0	242889.0	341107.0	504820.0	873276.0	1607708.0	3863593.0	10117762.0	1836200.0
	16.0	17.0	18.0	19.0	20.0	21.0	22.0	23.0	24.0	25.0	26.0	27.0	28.0	29.0	30.0	31.0	32.0	33.0	34.0	35.0	36.0	37.0	38.0	39.0	40.0
99.flexbar_trim.R_1	1.0	94.0	826.0	3478.0	9976.0	18526.0	26587.0	32858.0	39125.0	44628.0	53490.0	62413.0	77580.0	91931.0	119036.0	158723.0	205413.0	206012.0	247475.0	368456.0	667193.0	1225478.0	3003395.0	7913982.0	1062060.0
	14.0	15.0	16.0	17.0	18.0	19.0	20.0	21.0	22.0	23.0	24.0	25.0	26.0	27.0	28.0	29.0	30.0	31.0	32.0	33.0	34.0	35.0	36.0	37.0	38.0	39.0	40.0
99.flexbar_trim.R_2	7.0	372.0	4809.0	19320.0	35722.0	41322.0	48475.0	50687.0	54388.0	57744.0	66440.0	73386.0	84021.0	91935.0	105071.0	109585.0	121678.0	134636.0	163370.0	196136.0	266568.0	388575.0	663924.0	1186281.0	2859541.0	7538082.0	1276661.0
	16.0	17.0	18.0	19.0	20.0	21.0	22.0	23.0	24.0	25.0	26.0	27.0	28.0	29.0	30.0	31.0	32.0	33.0	34.0	35.0	36.0	37.0	38.0	39.0	40.0
RESUB-116.flexbar_trim.R_1	1.0	90.0	743.0	2819.0	7938.0	14926.0	21188.0	25122.0	29826.0	34597.0	41916.0	49514.0	61167.0	70677.0	86808.0	102986.0	135924.0	173798.0	242707.0	361821.0	651353.0	1196938.0	2914073.0	7631822.0	973137.0
	14.0	15.0	16.0	17.0	18.0	19.0	20.0	21.0	22.0	23.0	24.0	25.0	26.0	27.0	28.0	29.0	30.0	31.0	32.0	33.0	34.0	35.0	36.0	37.0	38.0	39.0	40.0
RESUB-116.flexbar_trim.R_2	13.0	315.0	3527.0	14257.0	30002.0	42306.0	52266.0	55635.0	57915.0	59820.0	69147.0	77091.0	88877.0	94396.0	104179.0	109489.0	123780.0	137763.0	169062.0	205065.0	281762.0	412064.0	702429.0	1222749.0	2824275.0	6886353.0	1007354.0
	16.0	17.0	18.0	19.0	20.0	21.0	22.0	23.0	24.0	25.0	26.0	27.0	28.0	29.0	30.0	31.0	32.0	33.0	34.0	35.0	36.0	37.0	38.0	39.0	40.0
RESUB-156.flexbar_trim.R_1	3.0	95.0	754.0	2952.0	8027.0	14876.0	21326.0	24651.0	29577.0	33100.0	40672.0	47392.0	57569.0	66630.0	82289.0	100102.0	132135.0	170237.0	239026.0	355599.0	641312.0	1188371.0	2947418.0	8018928.0	1075651.0
	14.0	15.0	16.0	17.0	18.0	19.0	20.0	21.0	22.0	23.0	24.0	25.0	26.0	27.0	28.0	29.0	30.0	31.0	32.0	33.0	34.0	35.0	36.0	37.0	38.0	39.0	40.0
RESUB-156.flexbar_trim.R_2	9.0	280.0	3111.0	12449.0	27063.0	37964.0	47271.0	50705.0	52067.0	53540.0	61209.0	66282.0	75945.0	81909.0	92469.0	98876.0	114108.0	129201.0	159221.0	195939.0	272296.0	400858.0	688281.0	1210851.0	2860476.0	7339802.0	1166510.0
	16.0	17.0	18.0	19.0	20.0	21.0	22.0	23.0	24.0	25.0	26.0	27.0	28.0	29.0	30.0	31.0	32.0	33.0	34.0	35.0	36.0	37.0	38.0	39.0	40.0
RESUB-36.flexbar_trim.R_1	4.0	84.0	777.0	2695.0	7277.0	12955.0	18309.0	21404.0	25166.0	28570.0	35210.0	40577.0	49887.0	59274.0	74469.0	92054.0	124872.0	161782.0	220708.0	321831.0	581632.0	1085218.0	2689405.0	7328036.0	994457.0
	14.0	15.0	16.0	17.0	18.0	19.0	20.0	21.0	22.0	23.0	24.0	25.0	26.0	27.0	28.0	29.0	30.0	31.0	32.0	33.0	34.0	35.0	36.0	37.0	38.0	39.0	40.0
RESUB-36.flexbar_trim.R_2	5.0	190.0	2718.0	11748.0	23783.0	30756.0	38393.0	40226.0	40957.0	41791.0	48175.0	53426.0	61584.0	65317.0	73591.0	79007.0	92742.0	106766.0	134171.0	167225.0	237742.0	359292.0	623375.0	1119109.0	2666461.0	6800986.0	1057117.0
	16.0	17.0	18.0	19.0	20.0	21.0	22.0	23.0	24.0	25.0	26.0	27.0	28.0	29.0	30.0	31.0	32.0	33.0	34.0	35.0	36.0	37.0	38.0	39.0	40.0
RESUB-76.flexbar_trim.R_1	2.0	104.0	900.0	3347.0	8787.0	15891.0	22158.0	26017.0	30221.0	33947.0	40385.0	46159.0	56495.0	66041.0	84611.0	108706.0	153426.0	195683.0	246954.0	327749.0	559731.0	1037216.0	2602853.0	7073048.0	1024598.0
	14.0	15.0	16.0	17.0	18.0	19.0	20.0	21.0	22.0	23.0	24.0	25.0	26.0	27.0	28.0	29.0	30.0	31.0	32.0	33.0	34.0	35.0	36.0	37.0	38.0	39.0	40.0
RESUB-76.flexbar_trim.R_2	11.0	288.0	3221.0	12729.0	25044.0	32350.0	40011.0	42389.0	43896.0	44021.0	48892.0	53566.0	61121.0	65521.0	74469.0	80514.0	94519.0	107769.0	134474.0	165256.0	230421.0	340590.0	591041.0	1078192.0	2595844.0	6651572.0	1147308.0
	16.0	17.0	18.0	19.0	20.0	21.0	22.0	23.0	24.0	25.0	26.0	27.0	28.0	29.0	30.0	31.0	32.0	33.0	34.0	35.0	36.0	37.0	38.0	39.0	40.0
RESUB-94.flexbar_trim.R_1	6.0	110.0	944.0	3607.0	9755.0	17959.0	25405.0	29370.0	34869.0	39690.0	48075.0	55854.0	69149.0	79310.0	97718.0	117601.0	153891.0	196115.0	274733.0	407972.0	726630.0	1317910.0	3115538.0	7796949.0	1004370.0
	14.0	15.0	16.0	17.0	18.0	19.0	20.0	21.0	22.0	23.0	24.0	25.0	26.0	27.0	28.0	29.0	30.0	31.0	32.0	33.0	34.0	35.0	36.0	37.0	38.0	39.0	40.0
RESUB-94.flexbar_trim.R_2	17.0	341.0	3725.0	15323.0	33179.0	46317.0	58689.0	61675.0	64048.0	65047.0	74323.0	80792.0	91110.0	96733.0	108314.0	115586.0	132390.0	149543.0	183204.0	223266.0	306095.0	444957.0	752266.0	1299241.0	2959988.0	7154491.0	1102870.0

