Sample	FastQC_mqc-generalstats-fastqc-percent_duplicates	FastQC_mqc-generalstats-fastqc-percent_gc	FastQC_mqc-generalstats-fastqc-avg_sequence_length	FastQC_mqc-generalstats-fastqc-median_sequence_length	FastQC_mqc-generalstats-fastqc-percent_fails	FastQC_mqc-generalstats-fastqc-total_sequences
1.flexbar_trim.R_1	70.01836739820968	48.0	144.37716658216638	150	27.27272727272727	19767194.0
1.flexbar_trim.R_2	71.74462631985557	49.0	144.51530060361628	150	18.181818181818183	19767194.0
10.flexbar_trim.R_1	68.99983730704668	46.0	143.42306204762693	150	27.27272727272727	18424782.0
10.flexbar_trim.R_2	70.89327049219936	48.0	143.6227380058011	150	27.27272727272727	18424782.0
100.flexbar_trim.R_1	68.81390236208055	48.0	143.0574301455762	150	27.27272727272727	16723064.0
100.flexbar_trim.R_2	71.1376500067079	50.0	143.2372108364831	150	36.36363636363637	16723064.0
107.flexbar_trim.R_1	72.4731657723926	48.0	143.33896278037201	150	18.181818181818183	15904404.0
107.flexbar_trim.R_2	74.51237427195703	50.0	143.49010072933257	150	18.181818181818183	15904404.0
108.flexbar_trim.R_1	68.17848994677296	46.0	140.33278367219114	150	18.181818181818183	21023862.0
108.flexbar_trim.R_2	70.24868529470498	48.0	140.64578653531876	150	18.181818181818183	21023862.0
109.flexbar_trim.R_1	73.20160263962683	48.0	144.1229994564298	150	27.27272727272727	20663384.0
109.flexbar_trim.R_2	74.96255462014395	50.0	144.2374209374418	150	27.27272727272727	20663384.0
11.flexbar_trim.R_1	70.70595775889379	48.0	144.23826573196862	150	18.181818181818183	20092050.0
11.flexbar_trim.R_2	72.8593761411914	50.0	144.39131347970962	150	9.090909090909092	20092050.0
110.flexbar_trim.R_1	70.33258036088586	50.0	143.7819988797897	150	9.090909090909092	19839132.0
110.flexbar_trim.R_2	72.6890310346956	51.0	143.9533867711551	150	9.090909090909092	19839132.0
117.flexbar_trim.R_1	68.00740033478287	48.0	140.60322487303966	150	9.090909090909092	20711389.0
117.flexbar_trim.R_2	69.80948726753714	50.0	140.81705577544798	150	18.181818181818183	20711389.0
118.flexbar_trim.R_1	67.0232466782881	50.0	144.1213838635087	150	18.181818181818183	19651360.0
118.flexbar_trim.R_2	69.55391524352218	51.0	144.25818106227763	150	18.181818181818183	19651360.0
119.flexbar_trim.R_1	70.25237703068495	50.0	144.33061302766188	150	27.27272727272727	20841898.0
119.flexbar_trim.R_2	73.15238493549009	52.0	144.45329053044978	150	18.181818181818183	20841898.0
12.flexbar_trim.R_1	70.12863811312464	48.0	143.56939808423832	150	18.181818181818183	19227757.0
12.flexbar_trim.R_2	71.95454933281327	49.0	143.781358480867	150	9.090909090909092	19227757.0
120.flexbar_trim.R_1	65.59986806904058	48.0	143.3999085457214	150	18.181818181818183	19281766.0
120.flexbar_trim.R_2	67.54989293584269	50.0	143.57253832454973	150	18.181818181818183	19281766.0
121.flexbar_trim.R_1	71.79313121208956	48.0	143.64566889592427	150	27.27272727272727	19933243.0
121.flexbar_trim.R_2	74.03806032856313	49.0	143.7894989791676	150	18.181818181818183	19933243.0
127.flexbar_trim.R_1	67.67217186152685	49.0	143.8862533875556	150	18.181818181818183	21818830.0
127.flexbar_trim.R_2	69.97456732483482	50.0	144.05972730893453	150	18.181818181818183	21818830.0
128.flexbar_trim.R_1	62.53798138014442	46.0	144.5826768341583	150	18.181818181818183	9343373.0
128.flexbar_trim.R_2	64.15955514519567	48.0	144.69765115874108	150	27.27272727272727	9343373.0
129.flexbar_trim.R_1	67.48576923831084	56.0	131.98988175071722	150	45.45454545454545	8824155.0
129.flexbar_trim.R_2	69.2195676463731	62.0	132.48061655761938	150	54.54545454545454	8824155.0
13.flexbar_trim.R_1	69.26096798883935	47.0	144.2408528426884	150	27.27272727272727	17283375.0
13.flexbar_trim.R_2	70.72087877074668	49.0	144.35240142622607	150	27.27272727272727	17283375.0
131.flexbar_trim.R_1	54.343456355065996	47.0	140.89477584906163	150	18.181818181818183	8424948.0
131.flexbar_trim.R_2	56.66895185291067	49.0	141.1223263336462	150	18.181818181818183	8424948.0
137.flexbar_trim.R_1	61.09432567029619	48.0	143.5059353414683	150	18.181818181818183	7728199.0
137.flexbar_trim.R_2	64.27607302518588	50.0	143.66160783385624	150	18.181818181818183	7728199.0
138.flexbar_trim.R_1	66.0680361030797	47.0	144.86882381645393	150	18.181818181818183	7914394.0
138.flexbar_trim.R_2	68.58614099969833	49.0	144.97578197395782	150	27.27272727272727	7914394.0
139.flexbar_trim.R_1	62.9661645746764	47.0	143.71876267195637	150	18.181818181818183	9025836.0
139.flexbar_trim.R_2	65.31713113384221	49.0	143.88569036707514	150	27.27272727272727	9025836.0
140.flexbar_trim.R_1	60.16463296702947	46.0	144.48128342608655	150	9.090909090909092	8847132.0
140.flexbar_trim.R_2	62.17844712081581	49.0	144.6329240933672	150	18.181818181818183	8847132.0
147.flexbar_trim.R_1	60.60661424698898	45.0	142.32908299088737	150	27.27272727272727	8149461.0
147.flexbar_trim.R_2	63.240621916862	47.0	142.60707892215203	150	18.181818181818183	8149461.0
148.flexbar_trim.R_1	69.59073031591426	47.0	140.36883779636082	150	18.181818181818183	23084741.0
148.flexbar_trim.R_2	71.51004060913908	48.0	140.61525134719943	150	27.27272727272727	23084741.0
149.flexbar_trim.R_1	85.45524753834594	51.0	136.79692834521114	150	27.27272727272727	89957700.0
149.flexbar_trim.R_2	88.47049285594845	53.0	137.2021245985613	150	27.27272727272727	89957700.0
150.flexbar_trim.R_1	72.62417842228659	46.0	136.7215051728214	150	18.181818181818183	25502427.0
150.flexbar_trim.R_2	74.59216787599928	47.0	137.04662093533295	150	27.27272727272727	25502427.0
18.flexbar_trim.R_1	70.14627068439925	47.0	144.13297176973757	150	18.181818181818183	16557161.0
18.flexbar_trim.R_2	71.34988263701123	49.0	144.29660809603772	150	9.090909090909092	16557161.0
19-G.flexbar_trim.R_1	45.14581108808068	47.0	143.47334243039748	150	9.090909090909092	21250812.0
19-G.flexbar_trim.R_2	48.18094009204438	48.0	143.67767405781953	150	18.181818181818183	21250812.0
19-S.flexbar_trim.R_1	45.60433250170646	50.0	142.31751985872296	150	0.0	22425158.0
19-S.flexbar_trim.R_2	49.4146005141439	51.0	142.5556512021008	150	0.0	22425158.0
19.flexbar_trim.R_1	69.78978140915584	46.0	145.14055268059474	150	9.090909090909092	16644478.0
19.flexbar_trim.R_2	71.77565096264146	48.0	145.22950999124154	150	18.181818181818183	16644478.0
2.flexbar_trim.R_1	68.9874745950478	50.0	143.21962010032252	150	9.090909090909092	18269876.0
2.flexbar_trim.R_2	72.11132418615182	52.0	143.43152361844164	150	9.090909090909092	18269876.0
20-G.flexbar_trim.R_1	44.34360166498435	47.0	143.48092054021933	150	9.090909090909092	22360696.0
20-G.flexbar_trim.R_2	47.671018951719304	49.0	143.67460337549423	150	18.181818181818183	22360696.0
20-S.flexbar_trim.R_1	42.32063710256742	48.0	144.03691268422733	150	9.090909090909092	15323188.0
20-S.flexbar_trim.R_2	45.23844704838517	49.0	144.1764958440763	150	9.090909090909092	15323188.0
20.flexbar_trim.R_1	70.97045394004797	47.0	144.2311985014335	150	27.27272727272727	16033456.0
20.flexbar_trim.R_2	72.36370341778964	50.0	144.36162359506272	150	18.181818181818183	16033456.0
21.flexbar_trim.R_1	69.34781930197838	47.0	145.1850029853974	150	27.27272727272727	16202198.0
21.flexbar_trim.R_2	70.63826384797207	49.0	145.29039479705162	150	18.181818181818183	16202198.0
28.flexbar_trim.R_1	69.90887605058427	48.0	144.24768543957597	150	18.181818181818183	17689320.0
28.flexbar_trim.R_2	71.78028710958354	50.0	144.38963114466807	150	27.27272727272727	17689320.0
29.flexbar_trim.R_1	69.80827985709145	48.0	144.2753377285698	150	18.181818181818183	17546117.0
29.flexbar_trim.R_2	70.78578943935923	50.0	144.40124450327102	150	9.090909090909092	17546117.0
3.flexbar_trim.R_1	70.75222091147197	49.0	141.2184621777631	150	18.181818181818183	19136269.0
3.flexbar_trim.R_2	72.47275716114491	50.0	141.4441239303231	150	18.181818181818183	19136269.0
30.flexbar_trim.R_1	67.2019733098387	47.0	144.4164326511095	150	9.090909090909092	18428262.0
30.flexbar_trim.R_2	68.98099994131904	49.0	144.56306357050926	150	9.090909090909092	18428262.0
31.flexbar_trim.R_1	66.86836122085947	49.0	146.8960207476586	150	27.27272727272727	17724988.0
31.flexbar_trim.R_2	69.38462365151523	51.0	146.94839658001462	150	18.181818181818183	17724988.0
37.flexbar_trim.R_1	68.74365150787062	44.0	142.06957317991618	150	27.27272727272727	15243144.0
37.flexbar_trim.R_2	70.51255947417934	46.0	142.31058717282997	150	18.181818181818183	15243144.0
38.flexbar_trim.R_1	70.34028435809192	46.0	140.1865694924085	150	27.27272727272727	17036199.0
38.flexbar_trim.R_2	72.20017651585607	48.0	140.43598193470268	150	27.27272727272727	17036199.0
39.flexbar_trim.R_1	71.51826657103527	45.0	142.94610717559786	150	27.27272727272727	16828103.0
39.flexbar_trim.R_2	73.34134581705077	46.0	143.12771510847062	150	27.27272727272727	16828103.0
4.flexbar_trim.R_1	70.78816992465251	48.0	147.2845932698543	150	18.181818181818183	19447157.0
4.flexbar_trim.R_2	72.39620030551404	51.0	147.34659780861543	150	18.181818181818183	19447157.0
40.flexbar_trim.R_1	72.99479673353349	45.0	140.8827361303271	150	36.36363636363637	15520211.0
40.flexbar_trim.R_2	74.46873819250325	48.0	141.12603469115209	150	45.45454545454545	15520211.0
41.flexbar_trim.R_1	72.67216328717156	46.0	140.75997462379166	150	36.36363636363637	15181149.0
41.flexbar_trim.R_2	73.7315189813135	49.0	141.0052021095373	150	36.36363636363637	15181149.0
47.flexbar_trim.R_1	69.17007481832516	46.0	141.9890324934231	150	18.181818181818183	17272203.0
47.flexbar_trim.R_2	71.03064899750484	48.0	142.20673078008636	150	27.27272727272727	17272203.0
48.flexbar_trim.R_1	75.43853532157601	45.0	140.40933352450162	150	27.27272727272727	18761830.0
48.flexbar_trim.R_2	77.34172978069817	47.0	140.70439749214228	150	18.181818181818183	18761830.0
49.flexbar_trim.R_1	66.99591727937923	45.0	143.36528656587836	150	27.27272727272727	18706798.0
49.flexbar_trim.R_2	67.90452960523626	47.0	143.54340074661627	150	27.27272727272727	18706798.0
5.flexbar_trim.R_1	70.41370657206693	47.0	144.35678958948114	150	18.181818181818183	18540171.0
5.flexbar_trim.R_2	72.69848789970769	49.0	144.49635691062397	150	27.27272727272727	18540171.0
50.flexbar_trim.R_1	65.21398135165227	47.0	144.31673824650392	150	18.181818181818183	17664425.0
50.flexbar_trim.R_2	67.01953248425328	49.0	144.5060562118495	150	9.090909090909092	17664425.0
57-G.flexbar_trim.R_1	51.19276907271522	47.0	142.82480516584565	150	9.090909090909092	26705405.0
57-G.flexbar_trim.R_2	53.79240651527886	48.0	143.06660756502288	150	18.181818181818183	26705405.0
57-S.flexbar_trim.R_1	64.56254277139512	50.0	134.73946287314683	150	36.36363636363637	12171985.0
57-S.flexbar_trim.R_2	66.26267186963202	52.0	135.46033798102775	150	36.36363636363637	12171985.0
57.flexbar_trim.R_1	67.00752296043888	47.0	141.22404184672158	150	18.181818181818183	18383280.0
57.flexbar_trim.R_2	68.3636723172412	48.0	141.45310042603933	150	18.181818181818183	18383280.0
58-G.flexbar_trim.R_1	51.536961590343736	46.0	143.59339188608683	150	9.090909090909092	27294475.0
58-G.flexbar_trim.R_2	53.99129428181703	48.0	143.7977866582889	150	18.181818181818183	27294475.0
58-S.flexbar_trim.R_1	60.84362284513507	44.0	137.1155292074556	150	18.181818181818183	14552346.0
58-S.flexbar_trim.R_2	62.315063160831706	46.0	137.48265214419723	150	27.27272727272727	14552346.0
58.flexbar_trim.R_1	68.7045482239263	46.0	142.86821533824596	150	27.27272727272727	18304505.0
58.flexbar_trim.R_2	69.89347793941565	48.0	143.08841304367422	150	18.181818181818183	18304505.0
59.flexbar_trim.R_1	69.99384111456891	46.0	147.210864280114	150	18.181818181818183	17460890.0
59.flexbar_trim.R_2	71.5804427227219	49.0	147.27200148446042	150	27.27272727272727	17460890.0
60.flexbar_trim.R_1	66.03393917987648	47.0	143.36493312199028	150	27.27272727272727	19032564.0
60.flexbar_trim.R_2	67.63102255942292	48.0	143.57562659450403	150	9.090909090909092	19032564.0
67.flexbar_trim.R_1	64.21995364312883	48.0	144.34082759101028	150	18.181818181818183	19181842.0
67.flexbar_trim.R_2	65.87372221430135	50.0	144.5022109972546	150	18.181818181818183	19181842.0
68.flexbar_trim.R_1	65.70879629515801	46.0	143.41433363523603	150	18.181818181818183	19063538.0
68.flexbar_trim.R_2	66.85475958037874	48.0	143.63822895833923	150	18.181818181818183	19063538.0
69.flexbar_trim.R_1	66.64379529614348	46.0	142.87461588263318	150	27.27272727272727	16372600.0
69.flexbar_trim.R_2	68.68584832836393	48.0	143.04393272907174	150	27.27272727272727	16372600.0
70.flexbar_trim.R_1	66.54509008264152	46.0	141.7025086121214	150	9.090909090909092	14308031.0
70.flexbar_trim.R_2	68.32599818602847	48.0	141.94589751727543	150	27.27272727272727	14308031.0
78.flexbar_trim.R_1	71.88114611747577	46.0	138.53138602403212	150	18.181818181818183	16961387.0
78.flexbar_trim.R_2	74.00379188743668	48.0	138.76671725018716	150	27.27272727272727	16961387.0
79.flexbar_trim.R_1	70.15919379529446	48.0	143.2906236876422	150	18.181818181818183	17656675.0
79.flexbar_trim.R_2	72.52221259417405	50.0	143.44017511790867	150	18.181818181818183	17656675.0
80.flexbar_trim.R_1	67.63954642775289	46.0	142.32033493460122	150	27.27272727272727	13704765.0
80.flexbar_trim.R_2	68.98558365137035	48.0	142.5015289937478	150	27.27272727272727	13704765.0
83.flexbar_trim.R_1	72.40192732832367	46.0	142.8515748164878	150	18.181818181818183	15437259.0
83.flexbar_trim.R_2	74.16916713656221	48.0	143.02351984895765	150	27.27272727272727	15437259.0
88.flexbar_trim.R_1	77.1884462971423	47.0	139.36910246046995	150	18.181818181818183	18736055.0
88.flexbar_trim.R_2	78.9710274470001	49.0	139.6130206705734	150	18.181818181818183	18736055.0
90.flexbar_trim.R_1	73.53610912374509	45.0	140.95823018024166	150	27.27272727272727	17003449.0
90.flexbar_trim.R_2	75.7158118514864	47.0	141.20117583203267	150	18.181818181818183	17003449.0
91.flexbar_trim.R_1	69.00336010000083	48.0	143.74772167515806	150	18.181818181818183	18832038.0
91.flexbar_trim.R_2	70.58517154286196	49.0	143.87909364881273	150	27.27272727272727	18832038.0
92.flexbar_trim.R_1	75.07337663013126	49.0	145.79535513632894	150	18.181818181818183	13977590.0
92.flexbar_trim.R_2	76.3745963691398	50.0	145.96527326956937	150	18.181818181818183	13977590.0
97.flexbar_trim.R_1	75.58888263697143	44.0	138.83843592255778	150	27.27272727272727	16826686.0
97.flexbar_trim.R_2	76.94949081598585	45.0	139.06668264921566	150	36.36363636363637	16826686.0
98.flexbar_trim.R_1	75.22149671425245	46.0	141.5311564296867	150	18.181818181818183	20752442.0
98.flexbar_trim.R_2	77.08738927644804	48.0	141.7284129742418	150	27.27272727272727	20752442.0
99.flexbar_trim.R_1	68.27794240055844	48.0	142.30801415152735	150	18.181818181818183	15638736.0
99.flexbar_trim.R_2	70.24242519910739	50.0	142.51068001915243	150	27.27272727272727	15638736.0
RESUB-116.flexbar_trim.R_1	64.13112325174619	48.0	143.48267142739925	150	9.090909090909092	14831891.0
RESUB-116.flexbar_trim.R_2	65.85423737831638	50.0	143.65267099117705	150	9.090909090909092	14831891.0
RESUB-156.flexbar_trim.R_1	64.04389651908578	49.0	142.47076795846337	150	18.181818181818183	15298692.0
RESUB-156.flexbar_trim.R_2	66.33057858197354	51.0	142.67214334401922	150	9.090909090909092	15298692.0
RESUB-36.flexbar_trim.R_1	69.06488952362216	48.0	143.70360758044146	150	27.27272727272727	13976653.0
RESUB-36.flexbar_trim.R_2	71.7256217882322	50.0	143.8403533378127	150	27.27272727272727	13976653.0
RESUB-76.flexbar_trim.R_1	66.75315458092862	48.0	140.39078421120652	150	9.090909090909092	13765029.0
RESUB-76.flexbar_trim.R_2	68.97861479708848	49.0	140.65698365037952	150	27.27272727272727	13765029.0
RESUB-94.flexbar_trim.R_1	63.54562107422001	48.0	143.17016493711728	150	9.090909090909092	15623530.0
RESUB-94.flexbar_trim.R_2	65.92872467564354	50.0	143.36032989983698	150	9.090909090909092	15623530.0
