Sample	total_passed	total_failed	secondary_passed	secondary_failed	supplementary_passed	supplementary_failed	duplicates_passed	duplicates_failed	mapped_passed	mapped_failed	mapped_passed_pct	mapped_failed_pct	paired in sequencing_passed	paired in sequencing_failed	read1_passed	read1_failed	read2_passed	read2_failed	properly paired_passed	properly paired_failed	properly paired_passed_pct	properly paired_failed_pct	with itself and mate mapped_passed	with itself and mate mapped_failed	singletons_passed	singletons_failed	singletons_passed_pct	singletons_failed_pct	with mate mapped to a different chr_passed	with mate mapped to a different chr_failed	with mate mapped to a different chr (mapQ >= 5)_passed	with mate mapped to a different chr (mapQ >= 5)_failed	flagstat_total
MHW001-RG	21248842	0	192662	0	0	0	0	0	21248842	0	100.0	nan	21056180	0	10556612	0	10499568	0	20261190	0	96.22	nan	20855654	0	200526	0	0.95	nan	418876	0	185385	0	21248842
MHW002-RG	26454002	0	239993	0	0	0	0	0	26454002	0	100.0	nan	26214009	0	13092997	0	13121012	0	25282332	0	96.45	nan	25841196	0	372813	0	1.42	nan	429940	0	184272	0	26454002
MHW003-RG	63926664	0	785391	0	0	0	0	0	63926664	0	100.0	nan	63141273	0	31715330	0	31425943	0	59627898	0	94.44	nan	62017900	0	1123373	0	1.78	nan	2095602	0	991109	0	63926664
MHW004-RG	62685151	0	1121276	0	0	0	0	0	62685151	0	100.0	nan	61563875	0	30934334	0	30629541	0	58158296	0	94.47	nan	60732530	0	831345	0	1.35	nan	2303882	0	1335691	0	62685151
MHW005-RG	29861227	0	310861	0	0	0	0	0	29861227	0	100.0	nan	29550366	0	14849534	0	14700832	0	28509420	0	96.48	nan	29192688	0	357678	0	1.21	nan	538770	0	233589	0	29861227
MHW006-RG	26524677	0	395312	0	0	0	0	0	26524677	0	100.0	nan	26129365	0	13119663	0	13009702	0	24639142	0	94.3	nan	25512888	0	616477	0	2.36	nan	711272	0	286343	0	26524677
MHW007-RG	52393286	0	927217	0	0	0	0	0	52393286	0	100.0	nan	51466069	0	25955431	0	25510638	0	47821384	0	92.92	nan	50418506	0	1047563	0	2.04	nan	2367012	0	1380020	0	52393286
MHW008-RG	51849066	0	1044511	0	0	0	0	0	51849066	0	100.0	nan	50804555	0	25804441	0	25000114	0	46047148	0	90.64	nan	49376144	0	1428411	0	2.81	nan	3076560	0	1932012	0	51849066
MHW009-RG	75459041	0	2218780	0	0	0	0	0	75459041	0	100.0	nan	73240261	0	36793566	0	36446695	0	64460500	0	88.01	nan	71719970	0	1520291	0	2.08	nan	6739254	0	4600275	0	75459041
MHW010-RG	85869108	0	6039687	0	0	0	0	0	85869108	0	100.0	nan	79829421	0	40140047	0	39689374	0	60034612	0	75.2	nan	77525546	0	2303875	0	2.89	nan	16474716	0	12107130	0	85869108
MHW011-RG	78189566	0	4727806	0	0	0	0	0	78189566	0	100.0	nan	73461760	0	36914263	0	36547497	0	60200808	0	81.95	nan	71748700	0	1713060	0	2.33	nan	10807490	0	7623450	0	78189566
MHW012-RG	95954068	0	7146860	0	0	0	0	0	95954068	0	100.0	nan	88807208	0	44658229	0	44148979	0	71998466	0	81.07	nan	86810628	0	1996580	0	2.25	nan	13860112	0	9490804	0	95954068
MHW013-RG	88865745	0	5600342	0	0	0	0	0	88865745	0	100.0	nan	83265403	0	41902364	0	41363039	0	58558762	0	70.33	nan	80408036	0	2857367	0	3.43	nan	20643204	0	15434630	0	88865745
MHW014-RG	85147730	0	12702632	0	0	0	0	0	85147730	0	100.0	nan	72445098	0	36476619	0	35968479	0	47097486	0	65.01	nan	70213400	0	2231698	0	3.08	nan	21767608	0	15572722	0	85147730
MHW015-RG	69624245	0	5743316	0	0	0	0	0	69624245	0	100.0	nan	63880929	0	32129925	0	31751004	0	48154082	0	75.38	nan	60649346	0	3231583	0	5.06	nan	11447162	0	7439373	0	69624245
MHW016-RG	86193781	0	4522234	0	0	0	0	0	86193781	0	100.0	nan	81671547	0	41200252	0	40471295	0	65356646	0	80.02	nan	79272950	0	2398597	0	2.94	nan	13061920	0	9411201	0	86193781
MHW017-RG	95060626	0	16196508	0	0	0	0	0	95060626	0	100.0	nan	78864118	0	39797526	0	39066592	0	50785148	0	64.4	nan	76533874	0	2330244	0	2.95	nan	24205298	0	16985951	0	95060626
MHW018-RG	72291166	0	816692	0	0	0	0	0	72291166	0	100.0	nan	71474474	0	35827246	0	35647228	0	68695870	0	96.11	nan	70777124	0	697350	0	0.98	nan	1898816	0	701550	0	72291166
MHW019-RG	58346724	0	903138	0	0	0	0	0	58346724	0	100.0	nan	57443586	0	28778670	0	28664916	0	55392068	0	96.43	nan	56928710	0	514876	0	0.9	nan	1223856	0	494850	0	58346724
MHW020-RG	60473191	0	728859	0	0	0	0	0	60473191	0	100.0	nan	59744332	0	29962248	0	29782084	0	57646352	0	96.49	nan	59171932	0	572400	0	0.96	nan	1356088	0	499962	0	60473191
MHW021-RG	61201023	0	1049279	0	0	0	0	0	61201023	0	100.0	nan	60151744	0	30184517	0	29967227	0	57603898	0	95.76	nan	59563874	0	587870	0	0.98	nan	1714004	0	664755	0	61201023
MHW022-RG	52911939	0	743046	0	0	0	0	0	52911939	0	100.0	nan	52168893	0	26186283	0	25982610	0	49874046	0	95.6	nan	51576010	0	592883	0	1.14	nan	1549310	0	594809	0	52911939
MHW023-RG	51340720	0	2059021	0	0	0	0	0	51340720	0	100.0	nan	49281699	0	24759819	0	24521880	0	46087120	0	93.52	nan	48607526	0	674173	0	1.37	nan	2169322	0	855731	0	51340720
MHW024-RG	102935525	0	1019986	0	0	0	0	0	102935525	0	100.0	nan	101915539	0	51067421	0	50848118	0	97561846	0	95.73	nan	100862198	0	1053341	0	1.03	nan	3023738	0	1075276	0	102935525
MHW025-RG	102156356	0	1061434	0	0	0	0	0	102156356	0	100.0	nan	101094922	0	50605205	0	50489717	0	97107804	0	96.06	nan	99892380	0	1202542	0	1.19	nan	2510206	0	889933	0	102156356
MHW026-RG	78345515	0	889884	0	0	0	0	0	78345515	0	100.0	nan	77455631	0	38794405	0	38661226	0	74059098	0	95.61	nan	76599852	0	855779	0	1.1	nan	2318538	0	877802	0	78345515
MHW027-RG	109986013	0	961443	0	0	0	0	0	109986013	0	100.0	nan	109024570	0	54648040	0	54376530	0	105624670	0	96.88	nan	108019578	0	1004992	0	0.92	nan	2116802	0	757159	0	109986013
MHW028-RG	71733532	0	729836	0	0	0	0	0	71733532	0	100.0	nan	71003696	0	35582843	0	35420853	0	68091914	0	95.9	nan	70213056	0	790640	0	1.11	nan	1912462	0	721207	0	71733532
MHW029-RG	88952740	0	776811	0	0	0	0	0	88952740	0	100.0	nan	88175929	0	44007110	0	44168819	0	84877306	0	96.26	nan	87009156	0	1166773	0	1.32	nan	1907024	0	683225	0	88952740
MHW030-RG	43032401	0	473119	0	0	0	0	0	43032401	0	100.0	nan	42559282	0	21306199	0	21253083	0	40610320	0	95.42	nan	41953182	0	606100	0	1.42	nan	1192872	0	449088	0	43032401
MHW031-RG	89608717	0	1045635	0	0	0	0	0	89608717	0	100.0	nan	88563082	0	44455114	0	44107968	0	84480356	0	95.39	nan	87479666	0	1083416	0	1.22	nan	2747440	0	982330	0	89608717
MHW032-RG	81634911	0	1980931	0	0	0	0	0	81634911	0	100.0	nan	79653980	0	40089843	0	39564137	0	68896584	0	86.49	nan	77727334	0	1926646	0	2.42	nan	8210940	0	5672042	0	81634911
MHW033-RG	78622575	0	1438802	0	0	0	0	0	78622575	0	100.0	nan	77183773	0	38818232	0	38365541	0	70051976	0	90.76	nan	75563466	0	1620307	0	2.1	nan	5055968	0	3181306	0	78622575
MHW034-RG	80674583	0	2406482	0	0	0	0	0	80674583	0	100.0	nan	78268101	0	39361581	0	38906520	0	68305402	0	87.27	nan	76571058	0	1697043	0	2.17	nan	7676536	0	5265049	0	80674583
MHW035-RG	87445519	0	1976000	0	0	0	0	0	87445519	0	100.0	nan	85469519	0	43011083	0	42458436	0	75828222	0	88.72	nan	83583254	0	1886265	0	2.21	nan	7168816	0	4797998	0	87445519
MHW036-RG	80574367	0	3968866	0	0	0	0	0	80574367	0	100.0	nan	76605501	0	38549474	0	38056027	0	64208050	0	83.82	nan	74729756	0	1875745	0	2.45	nan	9287760	0	4828383	0	80574367
MHW037-RG	77380784	0	1550367	0	0	0	0	0	77380784	0	100.0	nan	75830417	0	38122076	0	37708341	0	68063970	0	89.76	nan	74168080	0	1662337	0	2.19	nan	5618086	0	3692004	0	77380784
MHW038-RG	83941626	0	2277597	0	0	0	0	0	83941626	0	100.0	nan	81664029	0	41092161	0	40571868	0	71849358	0	87.98	nan	79856082	0	1807947	0	2.21	nan	7422572	0	5008440	0	83941626
MHW039-RG	108420788	0	1133693	0	0	0	0	0	108420788	0	100.0	nan	107287095	0	53862670	0	53424425	0	101058102	0	94.19	nan	105272686	0	2014409	0	1.88	nan	3630286	0	1692470	0	108420788
MHW040-RG	107201768	0	1150258	0	0	0	0	0	107201768	0	100.0	nan	106051510	0	53199383	0	52852127	0	100995742	0	95.23	nan	104489748	0	1561762	0	1.47	nan	3028728	0	1336791	0	107201768
MHW041-RG	94216975	0	1079038	0	0	0	0	0	94216975	0	100.0	nan	93137937	0	46719832	0	46418105	0	88528052	0	95.05	nan	91706966	0	1430971	0	1.54	nan	2754432	0	1180695	0	94216975
MHW042-RG	103908393	0	1038725	0	0	0	0	0	103908393	0	100.0	nan	102869668	0	51623349	0	51246319	0	97737506	0	95.01	nan	101205694	0	1663974	0	1.62	nan	2975236	0	1321250	0	103908393
MHW043-RG	102192052	0	1058481	0	0	0	0	0	102192052	0	100.0	nan	101133571	0	50750680	0	50382891	0	95902614	0	94.83	nan	99436442	0	1697129	0	1.68	nan	3032496	0	1329736	0	102192052
MHW044-RG	96294524	0	1142347	0	0	0	0	0	96294524	0	100.0	nan	95152177	0	47712223	0	47439954	0	90599468	0	95.22	nan	93792150	0	1360027	0	1.43	nan	2784608	0	1259278	0	96294524
MHW045-RG	84554825	0	924774	0	0	0	0	0	84554825	0	100.0	nan	83630051	0	41936133	0	41693918	0	79893914	0	95.53	nan	82473832	0	1156219	0	1.38	nan	2249444	0	983401	0	84554825
MHW046-RG	101750408	0	1098682	0	0	0	0	0	101750408	0	100.0	nan	100651726	0	50491595	0	50160131	0	95414630	0	94.8	nan	98996176	0	1655550	0	1.64	nan	3106628	0	1394171	0	101750408
MHW047-RG	99279340	0	1670419	0	0	0	0	0	99279340	0	100.0	nan	97608921	0	49030000	0	48578921	0	90752296	0	92.98	nan	95976660	0	1632261	0	1.67	nan	4753398	0	2832738	0	99279340
MHW048-RG	92604423	0	1527027	0	0	0	0	0	92604423	0	100.0	nan	91077396	0	45682143	0	45395253	0	84989886	0	93.32	nan	89474436	0	1602960	0	1.76	nan	4051904	0	2350747	0	92604423
MHW049-RG	84324212	0	1252709	0	0	0	0	0	84324212	0	100.0	nan	83071503	0	41702963	0	41368540	0	77956718	0	93.84	nan	81689544	0	1381959	0	1.66	nan	3355376	0	1855068	0	84324212
MHW050-RG	82321272	0	1508477	0	0	0	0	0	82321272	0	100.0	nan	80812795	0	40695559	0	40117236	0	74316628	0	91.96	nan	79151334	0	1661461	0	2.06	nan	4419960	0	2637677	0	82321272
MHW051-RG	98471061	0	2628420	0	0	0	0	0	98471061	0	100.0	nan	95842641	0	48183835	0	47658806	0	82250542	0	85.82	nan	93605014	0	2237627	0	2.33	nan	10608660	0	7454469	0	98471061
MHW052-RG	92519168	0	1513943	0	0	0	0	0	92519168	0	100.0	nan	91005225	0	45728041	0	45277184	0	83364188	0	91.6	nan	89052712	0	1952513	0	2.15	nan	5186628	0	3166749	0	92519168
MHW053-RG	94318781	0	1525916	0	0	0	0	0	94318781	0	100.0	nan	92792865	0	46644744	0	46148121	0	85913676	0	92.59	nan	91027058	0	1765807	0	1.9	nan	4639568	0	2670341	0	94318781
MHW054-RG	100320454	0	1306435	0	0	0	0	0	100320454	0	100.0	nan	99014019	0	49770406	0	49243613	0	93069184	0	94.0	nan	97201854	0	1812165	0	1.83	nan	3657348	0	1826598	0	100320454
MHW055-RG	89890050	0	1153016	0	0	0	0	0	89890050	0	100.0	nan	88737034	0	44561665	0	44175369	0	83861730	0	94.51	nan	87357496	0	1379538	0	1.55	nan	3123574	0	1613806	0	89890050
MHW056-RG	99595181	0	1636338	0	0	0	0	0	99595181	0	100.0	nan	97958843	0	49244130	0	48714713	0	88988838	0	90.84	nan	95860880	0	2097963	0	2.14	nan	6324538	0	4031447	0	99595181
MHW057-RG	92799707	0	1329987	0	0	0	0	0	92799707	0	100.0	nan	91469720	0	45964813	0	45504907	0	84783572	0	92.69	nan	89759662	0	1710058	0	1.87	nan	4538070	0	2724010	0	92799707
MHW058-RG	95238402	0	1881924	0	0	0	0	0	95238402	0	100.0	nan	93356478	0	47045248	0	46311230	0	82620950	0	88.5	nan	91140678	0	2215800	0	2.37	nan	7913098	0	5294751	0	95238402
MHW059-RG	100589815	0	2685716	0	0	0	0	0	100589815	0	100.0	nan	97904099	0	49229993	0	48674106	0	83526256	0	85.31	nan	95612576	0	2291523	0	2.34	nan	11326206	0	8058214	0	100589815
MHW060-RG	97442532	0	1341694	0	0	0	0	0	97442532	0	100.0	nan	96100838	0	48307508	0	47793330	0	89386390	0	93.01	nan	94214920	0	1885918	0	1.96	nan	4364682	0	2495246	0	97442532
MHW061-RG	97308220	0	2094601	0	0	0	0	0	97308220	0	100.0	nan	95213619	0	47898399	0	47315220	0	83014176	0	87.19	nan	93014554	0	2199065	0	2.31	nan	9336640	0	6492260	0	97308220
MHW062-RG	103850699	0	1785996	0	0	0	0	0	103850699	0	100.0	nan	102064703	0	51308805	0	50755898	0	92634316	0	90.76	nan	100101074	0	1963629	0	1.92	nan	6895262	0	4504392	0	103850699
MHW063-RG	95735555	0	1683516	0	0	0	0	0	95735555	0	100.0	nan	94052039	0	47293767	0	46758272	0	84914740	0	90.28	nan	92116514	0	1935525	0	2.06	nan	6647470	0	4341889	0	95735555
MHW064-RG	95933287	0	1414639	0	0	0	0	0	95933287	0	100.0	nan	94518648	0	47470900	0	47047748	0	87436170	0	92.51	nan	92673260	0	1845388	0	1.95	nan	4773320	0	2858859	0	95933287
MHW065-RG	101350219	0	1283784	0	0	0	0	0	101350219	0	100.0	nan	100066435	0	50288562	0	49777873	0	93991776	0	93.93	nan	98236904	0	1829531	0	1.83	nan	3797554	0	1969784	0	101350219
MHW066-RG	95903341	0	1990119	0	0	0	0	0	95903341	0	100.0	nan	93913222	0	47326777	0	46586445	0	82513300	0	87.86	nan	91605600	0	2307622	0	2.46	nan	8452420	0	5728213	0	95903341
MHW067-RG	88145290	0	2037294	0	0	0	0	0	88145290	0	100.0	nan	86107996	0	43319832	0	42788164	0	73016984	0	84.8	nan	83914086	0	2193910	0	2.55	nan	10181728	0	7214070	0	88145290
MHW068-RG	85404246	0	1390846	0	0	0	0	0	85404246	0	100.0	nan	84013400	0	42245895	0	41767505	0	76675592	0	91.27	nan	82229010	0	1784390	0	2.12	nan	5091638	0	3123813	0	85404246
MHW069-RG	73968494	0	1347945	0	0	0	0	0	73968494	0	100.0	nan	72620549	0	36594595	0	36025954	0	64901848	0	89.37	nan	70912688	0	1707861	0	2.35	nan	5568170	0	3682306	0	73968494
MHW070-RG	68149175	0	1440976	0	0	0	0	0	68149175	0	100.0	nan	66708199	0	33662983	0	33045216	0	59150360	0	88.67	nan	64943864	0	1764335	0	2.64	nan	5371070	0	3523678	0	68149175
MHW071-RG	68504683	0	4291441	0	0	0	0	0	68504683	0	100.0	nan	64213242	0	32401179	0	31812063	0	53512080	0	83.33	nan	61609158	0	2604084	0	4.06	nan	7091000	0	3696977	0	68504683
MHW072-RG	75201361	0	2203508	0	0	0	0	0	75201361	0	100.0	nan	72997853	0	36815876	0	36181977	0	58763222	0	80.5	nan	70751556	0	2246297	0	3.08	nan	11285684	0	8251564	0	75201361
MHW073-RG	65737247	0	993717	0	0	0	0	0	65737247	0	100.0	nan	64743530	0	32552383	0	32191147	0	59748746	0	92.29	nan	63514478	0	1229052	0	1.9	nan	3436396	0	2081956	0	65737247
MHW074-RG	89845295	0	1679464	0	0	0	0	0	89845295	0	100.0	nan	88165831	0	44340752	0	43825079	0	78497190	0	89.03	nan	86249116	0	1916715	0	2.17	nan	7189948	0	4886958	0	89845295
MHW075-RG	68044354	0	996592	0	0	0	0	0	68044354	0	100.0	nan	67047762	0	33722505	0	33325257	0	61678924	0	91.99	nan	65689258	0	1358504	0	2.03	nan	3662584	0	2223055	0	68044354
MHW076-RG	80099299	0	1418193	0	0	0	0	0	80099299	0	100.0	nan	78681106	0	39626891	0	39054215	0	71440152	0	90.8	nan	77012020	0	1669086	0	2.12	nan	5134952	0	3310396	0	80099299
MHW077-RG	67910607	0	983838	0	0	0	0	0	67910607	0	100.0	nan	66926769	0	33685408	0	33241361	0	62182136	0	92.91	nan	65668936	0	1257833	0	1.88	nan	3125814	0	1831331	0	67910607
MHW078-RG	66577939	0	1012684	0	0	0	0	0	66577939	0	100.0	nan	65565255	0	32995406	0	32569849	0	60142128	0	91.73	nan	63999444	0	1565811	0	2.39	nan	3533292	0	2158364	0	66577939
MHW079-RG	80204616	0	1741886	0	0	0	0	0	80204616	0	100.0	nan	78462730	0	39540502	0	38922228	0	67973926	0	86.63	nan	76484748	0	1977982	0	2.52	nan	7937284	0	5483560	0	80204616
MHW080-RG	68565524	0	1542593	0	0	0	0	0	68565524	0	100.0	nan	67022931	0	33862526	0	33160405	0	58455884	0	87.22	nan	65186960	0	1835971	0	2.74	nan	6262692	0	4239135	0	68565524
MHW081-RG	69047174	0	1952062	0	0	0	0	0	69047174	0	100.0	nan	67095112	0	33726398	0	33368714	0	58298300	0	86.89	nan	65643946	0	1451166	0	2.16	nan	6849898	0	4811788	0	69047174
MHW082-RG	74772900	0	1640343	0	0	0	0	0	74772900	0	100.0	nan	73132557	0	36779124	0	36353433	0	64308924	0	87.93	nan	71505034	0	1627523	0	2.23	nan	6675020	0	4588560	0	74772900
MHW083-RG	74805954	0	1505099	0	0	0	0	0	74805954	0	100.0	nan	73300855	0	36850583	0	36450272	0	66082432	0	90.15	nan	71839448	0	1461407	0	1.99	nan	5309812	0	3526108	0	74805954
MHW084-RG	80316920	0	1910824	0	0	0	0	0	80316920	0	100.0	nan	78406096	0	39483174	0	38922922	0	68084146	0	86.84	nan	76486598	0	1919498	0	2.45	nan	7822234	0	5420521	0	80316920
MHW085-RG	66632356	0	1087346	0	0	0	0	0	66632356	0	100.0	nan	65545010	0	32986300	0	32558710	0	60770958	0	92.72	nan	64308424	0	1236586	0	1.89	nan	3209492	0	1873738	0	66632356
MHW086-RG	71682258	0	1802323	0	0	0	0	0	71682258	0	100.0	nan	69879935	0	35240112	0	34639823	0	59421144	0	85.03	nan	67972008	0	1907927	0	2.73	nan	8002672	0	5645307	0	71682258
MHW087-RG	87344125	0	2853397	0	0	0	0	0	87344125	0	100.0	nan	84490728	0	42555912	0	41934816	0	71115704	0	84.17	nan	82315712	0	2175016	0	2.57	nan	10482274	0	7444349	0	87344125
MHW088-RG	78460093	0	2978646	0	0	0	0	0	78460093	0	100.0	nan	75481447	0	38047850	0	37433597	0	59076828	0	78.27	nan	73126842	0	2354605	0	3.12	nan	13238188	0	9794296	0	78460093
MHW089-RG	77609576	0	4303552	0	0	0	0	0	77609576	0	100.0	nan	73306024	0	36870518	0	36435506	0	56026210	0	76.43	nan	71208342	0	2097682	0	2.86	nan	14291100	0	10484476	0	77609576
MHW090-RG	69128367	0	2775418	0	0	0	0	0	69128367	0	100.0	nan	66352949	0	33373887	0	32979062	0	54684940	0	82.42	nan	64693174	0	1659775	0	2.5	nan	9372996	0	6777754	0	69128367
MHW091-RG	66962114	0	895335	0	0	0	0	0	66962114	0	100.0	nan	66066779	0	33115967	0	32950812	0	63142430	0	95.57	nan	65407730	0	659049	0	1.0	nan	1910742	0	929326	0	66962114
MHW092-RG	68447638	0	1075270	0	0	0	0	0	68447638	0	100.0	nan	67372368	0	33770236	0	33602132	0	63896424	0	94.84	nan	66685258	0	687110	0	1.02	nan	2473026	0	1268324	0	68447638
MHW093-RG	78724301	0	1348084	0	0	0	0	0	78724301	0	100.0	nan	77376217	0	38780957	0	38595260	0	73348720	0	94.79	nan	76638006	0	738211	0	0.95	nan	2922712	0	1459994	0	78724301
MHW094-RG	83980564	0	1462545	0	0	0	0	0	83980564	0	100.0	nan	82518019	0	41369157	0	41148862	0	77699844	0	94.16	nan	81669350	0	848669	0	1.03	nan	3569430	0	1819606	0	83980564
MHW095-RG	84123921	0	1367168	0	0	0	0	0	84123921	0	100.0	nan	82756753	0	41479118	0	41277635	0	78588170	0	94.96	nan	81930008	0	826745	0	1.0	nan	2945004	0	1511016	0	84123921
MHW096-RG	99841882	0	1391357	0	0	0	0	0	99841882	0	100.0	nan	98450525	0	49348834	0	49101691	0	93975644	0	95.45	nan	97427432	0	1023093	0	1.04	nan	3046198	0	1524697	0	99841882
MHW097-RG	69995467	0	3878437	0	0	0	0	0	69995467	0	100.0	nan	66117030	0	33253492	0	32863538	0	56718778	0	85.79	nan	64882240	0	1234790	0	1.87	nan	7505436	0	4411347	0	69995467
MHW098-RG	69014674	0	9547393	0	0	0	0	0	69014674	0	100.0	nan	59467281	0	30041088	0	29426193	0	44462312	0	74.77	nan	58019924	0	1447357	0	2.43	nan	12619240	0	8150106	0	69014674
MHW099-RG	70173761	0	6462474	0	0	0	0	0	70173761	0	100.0	nan	63711287	0	31980697	0	31730590	0	50898678	0	79.89	nan	62603204	0	1108083	0	1.74	nan	10878132	0	7319209	0	70173761
MHW100-RG	76910089	0	8616598	0	0	0	0	0	76910089	0	100.0	nan	68293491	0	34300151	0	33993340	0	53850648	0	78.85	nan	67065018	0	1228473	0	1.8	nan	12276714	0	8076767	0	76910089
MHW101-RG	76093763	0	9567237	0	0	0	0	0	76093763	0	100.0	nan	66526526	0	33413649	0	33112877	0	48059978	0	72.24	nan	65070146	0	1456380	0	2.19	nan	15730704	0	10889752	0	76093763
MHW102-RG	84634823	0	10894301	0	0	0	0	0	84634823	0	100.0	nan	73740522	0	37090837	0	36649685	0	54744740	0	74.24	nan	72124138	0	1616384	0	2.19	nan	16220588	0	10961873	0	84634823
MHW103-RG	71382163	0	7404366	0	0	0	0	0	71382163	0	100.0	nan	63977797	0	32172727	0	31805070	0	44497050	0	69.55	nan	62133058	0	1844739	0	2.88	nan	16554150	0	12063093	0	71382163
MHW104-RG	66822885	0	5101664	0	0	0	0	0	66822885	0	100.0	nan	61721221	0	31056482	0	30664739	0	50302452	0	81.5	nan	60234840	0	1486381	0	2.41	nan	9073772	0	6140975	0	66822885
MHW105-RG	68133573	0	2908222	0	0	0	0	0	68133573	0	100.0	nan	65225351	0	32790136	0	32435215	0	56633862	0	86.83	nan	63926828	0	1298523	0	1.99	nan	6690412	0	4459170	0	68133573
MHW106-RG	75907146	0	10493698	0	0	0	0	0	75907146	0	100.0	nan	65413448	0	32965052	0	32448396	0	37283050	0	57.0	nan	62971704	0	2441744	0	3.73	nan	24157034	0	17684027	0	75907146
MHW107-RG	66896408	0	2301272	0	0	0	0	0	66896408	0	100.0	nan	64595136	0	32419913	0	32175223	0	57219330	0	88.58	nan	63549360	0	1045776	0	1.62	nan	5819322	0	3907769	0	66896408
MHW108-RG	74353985	0	4967010	0	0	0	0	0	74353985	0	100.0	nan	69386975	0	34833543	0	34553432	0	58038746	0	83.65	nan	68166226	0	1220749	0	1.76	nan	9254594	0	6358103	0	74353985
MHW109-RG	69327193	0	3943261	0	0	0	0	0	69327193	0	100.0	nan	65383932	0	32831062	0	32552870	0	55075926	0	84.23	nan	64209042	0	1174890	0	1.8	nan	8390726	0	5744106	0	69327193
MHW110-RG	79381650	0	4637453	0	0	0	0	0	79381650	0	100.0	nan	74744197	0	37569359	0	37174838	0	65225974	0	87.27	nan	73546728	0	1197469	0	1.6	nan	7648680	0	4852665	0	79381650
MHW111-RG	71795097	0	2230298	0	0	0	0	0	71795097	0	100.0	nan	69564799	0	34980988	0	34583811	0	61082566	0	87.81	nan	68188632	0	1376167	0	1.98	nan	6571392	0	4434211	0	71795097
MHW112-RG	60041545	0	2863153	0	0	0	0	0	60041545	0	100.0	nan	57178392	0	28677741	0	28500651	0	48613482	0	85.02	nan	55741416	0	1436976	0	2.51	nan	6548296	0	4360940	0	60041545
MHW113-RG	65606960	0	2788496	0	0	0	0	0	65606960	0	100.0	nan	62818464	0	31538233	0	31280231	0	55521098	0	88.38	nan	61687698	0	1130766	0	1.8	nan	5685338	0	3516026	0	65606960
MHW114-RG	79669094	0	15044823	0	0	0	0	0	79669094	0	100.0	nan	64624271	0	32581881	0	32042390	0	39532468	0	61.17	nan	62690822	0	1933449	0	2.99	nan	21758376	0	14868329	0	79669094
MHW115-RG	100044841	0	2282816	0	0	0	0	0	100044841	0	100.0	nan	97762025	0	49061011	0	48701014	0	90917294	0	93.0	nan	96473904	0	1288121	0	1.32	nan	4993600	0	3018757	0	100044841
MHW116-RG	70517264	0	1450284	0	0	0	0	0	70517264	0	100.0	nan	69066980	0	34660123	0	34406857	0	63964558	0	92.61	nan	68091666	0	975314	0	1.41	nan	3744538	0	2282017	0	70517264
MHW117-RG	77176990	0	2232040	0	0	0	0	0	77176990	0	100.0	nan	74944950	0	37542996	0	37401954	0	68368690	0	91.23	nan	73709848	0	1235102	0	1.65	nan	4834518	0	3013915	0	77176990
MHW118-RG	70886414	0	2838068	0	0	0	0	0	70886414	0	100.0	nan	68048346	0	34172007	0	33876339	0	60297298	0	88.61	nan	66932882	0	1115464	0	1.64	nan	6104504	0	4070789	0	70886414
MHW119-RG	81809082	0	2159944	0	0	0	0	0	81809082	0	100.0	nan	79649138	0	40018389	0	39630749	0	72078798	0	90.5	nan	78273392	0	1375746	0	1.73	nan	5709306	0	3647243	0	81809082
MHW120-RG	82459892	0	1310247	0	0	0	0	0	82459892	0	100.0	nan	81149645	0	40673299	0	40476346	0	76840052	0	94.69	nan	80305948	0	843697	0	1.04	nan	3137454	0	1541860	0	82459892
MHW121-RG	102573545	0	1389123	0	0	0	0	0	102573545	0	100.0	nan	101184422	0	50730655	0	50453767	0	96153002	0	95.03	nan	99967994	0	1216428	0	1.2	nan	3420174	0	1645733	0	102573545
MHW122-RG	85428476	0	1179330	0	0	0	0	0	85428476	0	100.0	nan	84249146	0	42221258	0	42027888	0	80482162	0	95.53	nan	83415426	0	833720	0	0.99	nan	2502602	0	1219879	0	85428476
MHW123-RG	93827196	0	1356667	0	0	0	0	0	93827196	0	100.0	nan	92470529	0	46360098	0	46110431	0	87601010	0	94.73	nan	91341130	0	1129399	0	1.22	nan	3379338	0	1705098	0	93827196
MHW124-RG	93229034	0	1771443	0	0	0	0	0	93229034	0	100.0	nan	91457591	0	45840248	0	45617343	0	86265874	0	94.32	nan	90578470	0	879121	0	0.96	nan	3840516	0	1940938	0	93229034
MHW125-RG	87328017	0	1084400	0	0	0	0	0	87328017	0	100.0	nan	86243617	0	43222199	0	43021418	0	82534240	0	95.7	nan	85302130	0	941487	0	1.09	nan	2436514	0	1132719	0	87328017
MHW126-RG	75507730	0	1276653	0	0	0	0	0	75507730	0	100.0	nan	74231077	0	37209842	0	37021235	0	70338898	0	94.76	nan	73573016	0	658061	0	0.89	nan	2915564	0	1363122	0	75507730
MHW127-RG	86722373	0	1542394	0	0	0	0	0	86722373	0	100.0	nan	85179979	0	42696244	0	42483735	0	80086690	0	94.02	nan	84279302	0	900677	0	1.06	nan	3821880	0	1977564	0	86722373
MHW128-RG	97583654	0	1292387	0	0	0	0	0	97583654	0	100.0	nan	96291267	0	48258141	0	48033126	0	91911868	0	95.45	nan	95286110	0	1005157	0	1.04	nan	2986834	0	1512354	0	97583654
MHW129-RG	116031904	0	1485565	0	0	0	0	0	116031904	0	100.0	nan	114546339	0	57420388	0	57125951	0	109300046	0	95.42	nan	113272106	0	1274233	0	1.11	nan	3546070	0	1782721	0	116031904
MHW130-RG	93304637	0	1646897	0	0	0	0	0	93304637	0	100.0	nan	91657740	0	45944911	0	45712829	0	86404388	0	94.27	nan	90799712	0	858028	0	0.94	nan	3908538	0	1945194	0	93304637
MHW131-RG	109783368	0	1853607	0	0	0	0	0	109783368	0	100.0	nan	107929761	0	54103506	0	53826255	0	102111820	0	94.61	nan	106886384	0	1043377	0	0.97	nan	4338126	0	2156525	0	109783368
MHW132-RG	89660320	0	1449305	0	0	0	0	0	89660320	0	100.0	nan	88211015	0	44209969	0	44001046	0	83694190	0	94.88	nan	87352244	0	858771	0	0.97	nan	3302772	0	1646392	0	89660320
MHW133-RG	98408182	0	1438703	0	0	0	0	0	98408182	0	100.0	nan	96969479	0	48600652	0	48368827	0	92146692	0	95.03	nan	95929728	0	1039751	0	1.07	nan	3417552	0	1709398	0	98408182
MHW134-RG	80282600	0	1003551	0	0	0	0	0	80282600	0	100.0	nan	79279049	0	39726600	0	39552449	0	75906838	0	95.75	nan	78567050	0	711999	0	0.9	nan	2045564	0	984829	0	80282600
MHW135-RG	94396480	0	1558771	0	0	0	0	0	94396480	0	100.0	nan	92837709	0	46534166	0	46303543	0	87619082	0	94.38	nan	91788334	0	1049375	0	1.13	nan	3797702	0	1934730	0	94396480
MHW136-RG	92445103	0	1413356	0	0	0	0	0	92445103	0	100.0	nan	91031747	0	45755661	0	45276086	0	84660612	0	93.0	nan	89342034	0	1689713	0	1.86	nan	4208988	0	2340977	0	92445103
MHW137-RG	98057966	0	1668764	0	0	0	0	0	98057966	0	100.0	nan	96389202	0	48412269	0	47976933	0	88460212	0	91.77	nan	94559376	0	1829826	0	1.9	nan	5565286	0	3444808	0	98057966
MHW138-RG	109789181	0	1793060	0	0	0	0	0	109789181	0	100.0	nan	107996121	0	54281225	0	53714896	0	99256882	0	91.91	nan	105950098	0	2046023	0	1.89	nan	6123078	0	3777233	0	109789181
MHW139-RG	101992270	0	2931525	0	0	0	0	0	101992270	0	100.0	nan	99060745	0	49877553	0	49183192	0	86268646	0	87.09	nan	96798104	0	2262641	0	2.28	nan	9810978	0	6708500	0	101992270
MHW140-RG	88880595	0	2599308	0	0	0	0	0	88880595	0	100.0	nan	86281287	0	43399821	0	42881466	0	71230386	0	82.56	nan	84020822	0	2260465	0	2.62	nan	11974232	0	8617888	0	88880595
MHW141-RG	89974496	0	1607844	0	0	0	0	0	89974496	0	100.0	nan	88366652	0	44430238	0	43936414	0	80005730	0	90.54	nan	86470536	0	1896116	0	2.15	nan	5943260	0	3791020	0	89974496
MHW142-RG	92100713	0	2120883	0	0	0	0	0	92100713	0	100.0	nan	89979830	0	45255605	0	44724225	0	78663768	0	87.42	nan	87944250	0	2035580	0	2.26	nan	8630072	0	5940049	0	92100713
MHW143-RG	101150394	0	2197476	0	0	0	0	0	101150394	0	100.0	nan	98952918	0	49747270	0	49205648	0	89289488	0	90.23	nan	97010824	0	1942094	0	1.96	nan	7130214	0	4689458	0	101150394
MHW144-RG	85984157	0	1709397	0	0	0	0	0	85984157	0	100.0	nan	84274760	0	42370401	0	41904359	0	75842316	0	89.99	nan	82562554	0	1712206	0	2.03	nan	6210924	0	4090039	0	85984157
MHW145-RG	96619245	0	3599583	0	0	0	0	0	96619245	0	100.0	nan	93019662	0	46776751	0	46242911	0	74325908	0	79.9	nan	90447840	0	2571822	0	2.76	nan	15155362	0	11025907	0	96619245
MHW146-RG	88640666	0	2068375	0	0	0	0	0	88640666	0	100.0	nan	86572291	0	43507842	0	43064449	0	78603578	0	90.8	nan	84921402	0	1650889	0	1.91	nan	5813080	0	3669427	0	88640666
MHW147-RG	93504876	0	5522770	0	0	0	0	0	93504876	0	100.0	nan	87982106	0	44273500	0	43708606	0	69368962	0	78.84	nan	85654430	0	2327676	0	2.65	nan	15326992	0	11196011	0	93504876
MHW148-RG	104629269	0	5775245	0	0	0	0	0	104629269	0	100.0	nan	98854024	0	49681212	0	49172812	0	78866884	0	79.78	nan	96428164	0	2425860	0	2.45	nan	16524542	0	11943405	0	104629269
MHW149-RG	108683779	0	5644353	0	0	0	0	0	108683779	0	100.0	nan	103039426	0	51788395	0	51251031	0	87127008	0	84.56	nan	100686166	0	2353260	0	2.28	nan	12027732	0	6312733	0	108683779
MHW150-RG	103203131	0	3018602	0	0	0	0	0	103203131	0	100.0	nan	100184529	0	50315850	0	49868679	0	89535034	0	89.37	nan	98320548	0	1863981	0	1.86	nan	8147252	0	5405163	0	103203131
MHW151-RG	110577810	0	3553386	0	0	0	0	0	110577810	0	100.0	nan	107024424	0	53791652	0	53232772	0	92741914	0	86.65	nan	104761702	0	2262722	0	2.11	nan	11211122	0	7819372	0	110577810
MHW152-RG	98336936	0	2151710	0	0	0	0	0	98336936	0	100.0	nan	96185226	0	48313489	0	47871737	0	88034110	0	91.53	nan	94512434	0	1672792	0	1.74	nan	5972628	0	3792234	0	98336936
MHW153-RG	103554514	0	3260162	0	0	0	0	0	103554514	0	100.0	nan	100294352	0	50347867	0	49946485	0	88848380	0	88.59	nan	98296690	0	1997662	0	1.99	nan	8776916	0	5966335	0	103554514
MHW154-RG	91575734	0	1875923	0	0	0	0	0	91575734	0	100.0	nan	89699811	0	45049154	0	44650657	0	82699932	0	92.2	nan	88076414	0	1623397	0	1.81	nan	4909748	0	2996102	0	91575734
MHW155-RG	109717588	0	8175294	0	0	0	0	0	109717588	0	100.0	nan	101542294	0	51109162	0	50433132	0	76994038	0	75.82	nan	98700212	0	2842082	0	2.8	nan	20431344	0	14885478	0	109717588
MHW156-RG	82530739	0	901457	0	0	0	0	0	82530739	0	100.0	nan	81629282	0	40948752	0	40680530	0	77721780	0	95.21	nan	80423416	0	1205866	0	1.48	nan	2359540	0	1060791	0	82530739
MHW157-RG	92503450	0	997548	0	0	0	0	0	92503450	0	100.0	nan	91505902	0	45889511	0	45616391	0	87344780	0	95.45	nan	90227462	0	1278440	0	1.4	nan	2533848	0	1142175	0	92503450
MHW158-RG	106784498	0	1281742	0	0	0	0	0	106784498	0	100.0	nan	105502756	0	52892671	0	52610085	0	101060344	0	95.79	nan	104217652	0	1285104	0	1.22	nan	2764376	0	1223009	0	106784498
MHW159-RG	81830783	0	952664	0	0	0	0	0	81830783	0	100.0	nan	80878119	0	40535362	0	40342757	0	77687474	0	96.05	nan	79979202	0	898917	0	1.11	nan	2022348	0	922239	0	81830783
MHW160-RG	84363204	0	969439	0	0	0	0	0	84363204	0	100.0	nan	83393765	0	41819450	0	41574315	0	79614758	0	95.47	nan	82254130	0	1139635	0	1.37	nan	2303228	0	1026317	0	84363204
MHW161-RG	83687477	0	995453	0	0	0	0	0	83687477	0	100.0	nan	82692024	0	41461256	0	41230768	0	79006528	0	95.54	nan	81620498	0	1071526	0	1.3	nan	2296464	0	1038380	0	83687477
MHW162-RG	84475030	0	910486	0	0	0	0	0	84475030	0	100.0	nan	83564544	0	41895800	0	41668744	0	79940232	0	95.66	nan	82490374	0	1074170	0	1.29	nan	2247082	0	1034448	0	84475030
MHW163-RG	85623774	0	1022696	0	0	0	0	0	85623774	0	100.0	nan	84601078	0	42420236	0	42180842	0	80784110	0	95.49	nan	83476266	0	1124812	0	1.33	nan	2355818	0	1060968	0	85623774
MHW164-RG	79793724	0	953836	0	0	0	0	0	79793724	0	100.0	nan	78839888	0	39531384	0	39308504	0	75395332	0	95.63	nan	77858564	0	981324	0	1.24	nan	2170834	0	1016328	0	79793724
MHW165-RG	89618564	0	954437	0	0	0	0	0	89618564	0	100.0	nan	88664127	0	44454394	0	44209733	0	84981548	0	95.85	nan	87570110	0	1094017	0	1.23	nan	2273030	0	1057743	0	89618564
MHW166-RG	95901588	0	1146718	0	0	0	0	0	95901588	0	100.0	nan	94754870	0	47530522	0	47224348	0	90201890	0	95.19	nan	93414556	0	1340314	0	1.41	nan	2797978	0	1243760	0	95901588
MHW167-RG	86240761	0	971350	0	0	0	0	0	86240761	0	100.0	nan	85269411	0	42750188	0	42519223	0	81658540	0	95.77	nan	84209088	0	1060323	0	1.24	nan	2233120	0	1011250	0	86240761
MHW168-RG	83593348	0	922563	0	0	0	0	0	83593348	0	100.0	nan	82670785	0	41457538	0	41213247	0	79007802	0	95.57	nan	81541708	0	1129077	0	1.37	nan	2209312	0	970263	0	83593348
MHW169-RG	80989632	0	900795	0	0	0	0	0	80989632	0	100.0	nan	80088837	0	40151695	0	39937142	0	76763104	0	95.85	nan	79110664	0	978173	0	1.22	nan	2060374	0	937203	0	80989632
MHW170-RG	87769827	0	990983	0	0	0	0	0	87769827	0	100.0	nan	86778844	0	43492833	0	43286011	0	83452882	0	96.17	nan	85844400	0	934444	0	1.08	nan	2103442	0	958786	0	87769827
MHW171-RG	115080233	0	1267054	0	0	0	0	0	115080233	0	100.0	nan	113813179	0	57080140	0	56733039	0	108525978	0	95.35	nan	112174646	0	1638533	0	1.44	nan	3205658	0	1453723	0	115080233
MHW172-RG	81302099	0	982683	0	0	0	0	0	81302099	0	100.0	nan	80319416	0	40280941	0	40038475	0	76714218	0	95.51	nan	79263064	0	1056352	0	1.32	nan	2231076	0	979000	0	81302099
MHW173-RG	84282006	0	921019	0	0	0	0	0	84282006	0	100.0	nan	83360987	0	41810005	0	41550982	0	79537888	0	95.41	nan	82187480	0	1173507	0	1.41	nan	2306372	0	1045956	0	84282006
MHW174-RG	90861590	0	1007248	0	0	0	0	0	90861590	0	100.0	nan	89854342	0	45061350	0	44792992	0	85887846	0	95.59	nan	88653038	0	1201304	0	1.34	nan	2419738	0	1097154	0	90861590
MHW175-RG	79898054	0	935938	0	0	0	0	0	79898054	0	100.0	nan	78962116	0	39584250	0	39377866	0	75721086	0	95.9	nan	78036192	0	925924	0	1.17	nan	2033078	0	941511	0	79898054
MHW176-RG	80642136	0	8512431	0	0	0	0	0	80642136	0	100.0	nan	72129705	0	36264765	0	35864940	0	55137146	0	76.44	nan	70476720	0	1652985	0	2.29	nan	14400178	0	10097891	0	80642136
MHW177-RG	66344403	0	2551207	0	0	0	0	0	66344403	0	100.0	nan	63793196	0	32134587	0	31658609	0	55045178	0	86.29	nan	62292838	0	1500358	0	2.35	nan	6745998	0	4576404	0	66344403
MHW178-RG	60680414	0	1752603	0	0	0	0	0	60680414	0	100.0	nan	58927811	0	29677580	0	29250231	0	52671294	0	89.38	nan	57536464	0	1391347	0	2.36	nan	4483562	0	2879961	0	60680414
MHW179-RG	64048333	0	2289249	0	0	0	0	0	64048333	0	100.0	nan	61759084	0	31114464	0	30644620	0	53490888	0	86.61	nan	60269506	0	1489578	0	2.41	nan	6299146	0	4224637	0	64048333
MHW180-RG	69165519	0	4021169	0	0	0	0	0	69165519	0	100.0	nan	65144350	0	32835954	0	32308396	0	51635738	0	79.26	nan	63227958	0	1916392	0	2.94	nan	10878842	0	7710980	0	69165519
MHW181-RG	62097891	0	4064341	0	0	0	0	0	62097891	0	100.0	nan	58033550	0	29197731	0	28835819	0	47288378	0	81.48	nan	56694538	0	1339012	0	2.31	nan	8804168	0	6181799	0	62097891
MHW182-RG	73040055	0	1660677	0	0	0	0	0	73040055	0	100.0	nan	71379378	0	35915735	0	35463643	0	65077226	0	91.17	nan	69888918	0	1490460	0	2.09	nan	4398608	0	2696024	0	73040055
MHW183-RG	75087025	0	4260629	0	0	0	0	0	75087025	0	100.0	nan	70826396	0	35650469	0	35175927	0	57923338	0	81.78	nan	69036654	0	1789742	0	2.53	nan	10388482	0	7259111	0	75087025
MHW184-RG	73633772	0	4027865	0	0	0	0	0	73633772	0	100.0	nan	69605907	0	35065584	0	34540323	0	57172906	0	82.14	nan	67828210	0	1777697	0	2.55	nan	9973138	0	7020480	0	73633772
MHW185-RG	61564880	0	1552083	0	0	0	0	0	61564880	0	100.0	nan	60012797	0	30244355	0	29768442	0	54789758	0	91.3	nan	58796062	0	1216735	0	2.03	nan	3678564	0	2281382	0	61564880
MHW186-RG	92127486	0	1013934	0	0	0	0	0	92127486	0	100.0	nan	91113552	0	45696492	0	45417060	0	86641836	0	95.09	nan	89772010	0	1341542	0	1.47	nan	2695672	0	1215137	0	92127486
MHW187-RG	97874851	0	1130467	0	0	0	0	0	97874851	0	100.0	nan	96744384	0	48516406	0	48227978	0	92030046	0	95.13	nan	95382816	0	1361568	0	1.41	nan	2927264	0	1336126	0	97874851
MHW188-RG	93862084	0	1070164	0	0	0	0	0	93862084	0	100.0	nan	92791920	0	46536150	0	46255770	0	88275034	0	95.13	nan	91444556	0	1347364	0	1.45	nan	2755326	0	1233659	0	93862084
MHW189-RG	101384472	0	1144939	0	0	0	0	0	101384472	0	100.0	nan	100239533	0	50287436	0	49952097	0	95155278	0	94.93	nan	98695250	0	1544283	0	1.54	nan	3078952	0	1375230	0	101384472
MHW190-RG	84440486	0	1021825	0	0	0	0	0	84440486	0	100.0	nan	83418661	0	41813306	0	41605355	0	79711248	0	95.56	nan	82407338	0	1011323	0	1.21	nan	2363866	0	1132142	0	84440486
MHW191-RG	88985899	0	1028845	0	0	0	0	0	88985899	0	100.0	nan	87957054	0	44113673	0	43843381	0	83461380	0	94.89	nan	86605004	0	1352050	0	1.54	nan	2734624	0	1238751	0	88985899
MHW192-RG	69554298	0	854342	0	0	0	0	0	69554298	0	100.0	nan	68699956	0	34433323	0	34266633	0	65764716	0	95.73	nan	67911046	0	788910	0	1.15	nan	1884990	0	876216	0	69554298
MHW193-RG	89073111	0	1032194	0	0	0	0	0	89073111	0	100.0	nan	88040917	0	44139846	0	43901071	0	84027366	0	95.44	nan	86899228	0	1141689	0	1.3	nan	2517190	0	1161473	0	89073111
MHW194-RG	84047607	0	925279	0	0	0	0	0	84047607	0	100.0	nan	83122328	0	41672695	0	41449633	0	79562616	0	95.72	nan	82044758	0	1077570	0	1.3	nan	2160372	0	973984	0	84047607
MHW195-RG	89569455	0	1045201	0	0	0	0	0	89569455	0	100.0	nan	88524254	0	44386471	0	44137783	0	84437552	0	95.38	nan	87349622	0	1174632	0	1.33	nan	2533658	0	1151770	0	89569455
MHW196-RG	57107947	0	1803423	0	0	0	0	0	57107947	0	100.0	nan	55304524	0	27849342	0	27455182	0	52040048	0	94.1	nan	54329062	0	975462	0	1.76	nan	1980520	0	1133391	0	57107947
MHW197-RG	77361040	0	11056857	0	0	0	0	0	77361040	0	100.0	nan	66304183	0	33389855	0	32914328	0	54127210	0	81.63	nan	65215152	0	1089031	0	1.64	nan	10123152	0	6406765	0	77361040
MHW198-RG	70857122	0	2380939	0	0	0	0	0	70857122	0	100.0	nan	68476183	0	34447690	0	34028493	0	64861818	0	94.72	nan	67733624	0	742559	0	1.08	nan	2289278	0	1097400	0	70857122
MHW199-RG	75958900	0	5518368	0	0	0	0	0	75958900	0	100.0	nan	70440532	0	35344331	0	35096201	0	62126282	0	88.2	nan	69609486	0	831046	0	1.18	nan	6892018	0	4472563	0	75958900
MHW200-RG	79140277	0	7630241	0	0	0	0	0	79140277	0	100.0	nan	71510036	0	35949209	0	35560827	0	51662884	0	72.25	nan	69495296	0	2014740	0	2.82	nan	16782672	0	12219726	0	79140277
MHW201-RG	67709185	0	2931550	0	0	0	0	0	67709185	0	100.0	nan	64777635	0	32486289	0	32291346	0	60449746	0	93.32	nan	64176112	0	601523	0	0.93	nan	3329492	0	1960221	0	67709185
MHW202-RG	90603018	0	8972612	0	0	0	0	0	90603018	0	100.0	nan	81630406	0	40968271	0	40662135	0	72264758	0	88.53	nan	80831314	0	799092	0	0.98	nan	7697280	0	4572937	0	90603018
MHW203-RG	77761872	0	16222107	0	0	0	0	0	77761872	0	100.0	nan	61539765	0	30926211	0	30613554	0	41990838	0	68.23	nan	60282082	0	1257683	0	2.04	nan	17063856	0	11683153	0	77761872
MHW204-RG	66876327	0	6558102	0	0	0	0	0	66876327	0	100.0	nan	60318225	0	30304775	0	30013450	0	52950134	0	87.78	nan	59343080	0	975145	0	1.62	nan	5817496	0	3511387	0	66876327
MHW205-RG	59914167	0	1228175	0	0	0	0	0	59914167	0	100.0	nan	58685992	0	29469962	0	29216030	0	56554930	0	96.37	nan	58121452	0	564540	0	0.96	nan	1275864	0	661593	0	59914167
MHW206-RG	37119029	0	528256	0	0	0	0	0	37119029	0	100.0	nan	36590773	0	18383034	0	18207739	0	35423016	0	96.81	nan	36229748	0	361025	0	0.99	nan	650090	0	336266	0	37119029
MHW207-RG	58147190	0	609056	0	0	0	0	0	58147190	0	100.0	nan	57538134	0	28849831	0	28688303	0	55860534	0	97.08	nan	57087988	0	450146	0	0.78	nan	921564	0	400766	0	58147190
MHW208-RG	80260377	0	2282449	0	0	0	0	0	80260377	0	100.0	nan	77977928	0	39175710	0	38802218	0	70491042	0	90.4	nan	76570360	0	1407568	0	1.81	nan	5636874	0	3722252	0	80260377
MHW209-RG	71885017	0	3289604	0	0	0	0	0	71885017	0	100.0	nan	68595413	0	34496805	0	34098608	0	56411958	0	82.24	nan	66869926	0	1725487	0	2.52	nan	9791770	0	6931465	0	71885017
MHW210-RG	79316202	0	1420879	0	0	0	0	0	79316202	0	100.0	nan	77895323	0	39191817	0	38703506	0	71508212	0	91.8	nan	76340714	0	1554609	0	2.0	nan	4413058	0	2702768	0	79316202
MHW211-RG	74333486	0	2587879	0	0	0	0	0	74333486	0	100.0	nan	71745607	0	36190270	0	35555337	0	61045002	0	85.09	nan	69802088	0	1943519	0	2.71	nan	8157164	0	5577247	0	74333486
MHW212-RG	71125341	0	4580330	0	0	0	0	0	71125341	0	100.0	nan	66545011	0	33496572	0	33048439	0	52363040	0	78.69	nan	64718398	0	1826613	0	2.74	nan	11610898	0	8322090	0	71125341
MHW213-RG	77534729	0	3405545	0	0	0	0	0	77534729	0	100.0	nan	74129184	0	37310857	0	36818327	0	63631232	0	85.84	nan	72455506	0	1673678	0	2.26	nan	8239724	0	5722601	0	77534729
MHW214-RG	76859815	0	1026673	0	0	0	0	0	76859815	0	100.0	nan	75833142	0	38095313	0	37737829	0	71593484	0	94.41	nan	74546856	0	1286286	0	1.7	nan	2600380	0	1248457	0	76859815
MHW215-RG	92775594	0	1789585	0	0	0	0	0	92775594	0	100.0	nan	90986009	0	45724214	0	45261795	0	82981802	0	91.2	nan	89035600	0	1950409	0	2.14	nan	5521470	0	3323370	0	92775594
MHW216-RG	75442919	0	2675788	0	0	0	0	0	75442919	0	100.0	nan	72767131	0	36601237	0	36165894	0	61405302	0	84.39	nan	70949244	0	1817887	0	2.5	nan	8900268	0	6161483	0	75442919
MHW217-RG	93624235	0	3235518	0	0	0	0	0	93624235	0	100.0	nan	90388717	0	45476169	0	44912548	0	75463488	0	83.49	nan	88018730	0	2369987	0	2.62	nan	11735304	0	8269604	0	93624235
MHW218-RG	72965761	0	1363146	0	0	0	0	0	72965761	0	100.0	nan	71602615	0	35997003	0	35605612	0	65657872	0	91.7	nan	70204850	0	1397765	0	1.95	nan	4145102	0	2512806	0	72965761
MHW219-RG	93084211	0	979907	0	0	0	0	0	93084211	0	100.0	nan	92104304	0	46214104	0	45890200	0	87543826	0	95.05	nan	90620804	0	1483500	0	1.61	nan	2647990	0	1182074	0	93084211
MHW220-RG	92217874	0	986757	0	0	0	0	0	92217874	0	100.0	nan	91231117	0	45753792	0	45477325	0	87149090	0	95.53	nan	89952460	0	1278657	0	1.4	nan	2434296	0	1106766	0	92217874
MHW221-RG	84914834	0	959923	0	0	0	0	0	84914834	0	100.0	nan	83954911	0	42104893	0	41850018	0	79969198	0	95.25	nan	82725084	0	1229827	0	1.46	nan	2379924	0	1083358	0	84914834
MHW222-RG	94120700	0	1081721	0	0	0	0	0	94120700	0	100.0	nan	93038979	0	46657166	0	46381813	0	88515682	0	95.14	nan	91666522	0	1372457	0	1.48	nan	2731668	0	1239689	0	94120700
MHW223-RG	77366260	0	937478	0	0	0	0	0	77366260	0	100.0	nan	76428782	0	38329087	0	38099695	0	72574620	0	94.96	nan	75266652	0	1162130	0	1.52	nan	2340516	0	1039604	0	77366260
MHW224-RG	94778652	0	1130889	0	0	0	0	0	94778652	0	100.0	nan	93647763	0	46977761	0	46670002	0	88694776	0	94.71	nan	92136840	0	1510923	0	1.61	nan	2993186	0	1332647	0	94778652
MHW225-RG	108127843	0	1085760	0	0	0	0	0	108127843	0	100.0	nan	107042083	0	53696999	0	53345084	0	102130332	0	95.41	nan	105421782	0	1620301	0	1.51	nan	2849426	0	1201301	0	108127843
MHW226-RG	105795322	0	1134112	0	0	0	0	0	105795322	0	100.0	nan	104661210	0	52516989	0	52144221	0	99379890	0	94.95	nan	103004898	0	1656312	0	1.58	nan	3138188	0	1404068	0	105795322
MHW227-RG	107560771	0	1263041	0	0	0	0	0	107560771	0	100.0	nan	106297730	0	53315383	0	52982347	0	101198504	0	95.2	nan	104777424	0	1520306	0	1.43	nan	3103490	0	1396285	0	107560771
MHW228-RG	106113087	0	1179584	0	0	0	0	0	106113087	0	100.0	nan	104933503	0	52626685	0	52306818	0	100322222	0	95.61	nan	103525912	0	1407591	0	1.34	nan	2789688	0	1270623	0	106113087
MHW229-RG	101968447	0	1184687	0	0	0	0	0	101968447	0	100.0	nan	100783760	0	50535306	0	50248454	0	96243840	0	95.5	nan	99449604	0	1334156	0	1.32	nan	2798840	0	1326514	0	101968447
MHW230-RG	103171535	0	1192867	0	0	0	0	0	103171535	0	100.0	nan	101978668	0	51149707	0	50828961	0	96930102	0	95.05	nan	100455992	0	1522676	0	1.49	nan	3071302	0	1421005	0	103171535
MHW231-RG	88940104	0	1037369	0	0	0	0	0	88940104	0	100.0	nan	87902735	0	44072504	0	43830231	0	84035064	0	95.6	nan	86783802	0	1118933	0	1.27	nan	2395916	0	1091209	0	88940104
MHW232-RG	99102129	0	1079157	0	0	0	0	0	99102129	0	100.0	nan	98022972	0	49150465	0	48872507	0	93741236	0	95.63	nan	96737118	0	1285854	0	1.31	nan	2611504	0	1194756	0	99102129
MHW233-RG	91715093	0	1070614	0	0	0	0	0	91715093	0	100.0	nan	90644479	0	45450381	0	45194098	0	86334800	0	95.25	nan	89372094	0	1272385	0	1.4	nan	2657768	0	1193267	0	91715093
MHW234-RG	102078072	0	1194049	0	0	0	0	0	102078072	0	100.0	nan	100884023	0	50600689	0	50283334	0	96182812	0	95.34	nan	99458518	0	1425505	0	1.41	nan	2856252	0	1326303	0	102078072
MHW235-RG	89007204	0	1100298	0	0	0	0	0	89007204	0	100.0	nan	87906906	0	44095050	0	43811856	0	83366078	0	94.83	nan	86551054	0	1355852	0	1.54	nan	2785562	0	1294031	0	89007204
MHW236-RG	100490245	0	1319871	0	0	0	0	0	100490245	0	100.0	nan	99170374	0	49724449	0	49445925	0	94289258	0	95.08	nan	97874614	0	1295760	0	1.31	nan	3158056	0	1515821	0	100490245
MHW237-RG	92286545	0	1042479	0	0	0	0	0	92286545	0	100.0	nan	91244066	0	45754443	0	45489623	0	86964358	0	95.31	nan	89964314	0	1279752	0	1.4	nan	2629028	0	1195552	0	92286545
MHW238-RG	93541301	0	1165514	0	0	0	0	0	93541301	0	100.0	nan	92375787	0	46329410	0	46046377	0	87562488	0	94.79	nan	90990540	0	1385247	0	1.5	nan	3017642	0	1423920	0	93541301
MHW239-RG	67877871	0	865786	0	0	0	0	0	67877871	0	100.0	nan	67012085	0	33603588	0	33408497	0	63693716	0	95.05	nan	66068786	0	943299	0	1.41	nan	2067442	0	929114	0	67877871
MHW240-RG	90020755	0	973569	0	0	0	0	0	90020755	0	100.0	nan	89047186	0	44675492	0	44371694	0	84602112	0	95.01	nan	87636932	0	1410254	0	1.58	nan	2618370	0	1149671	0	90020755
MHW241-RG	88862460	0	1006289	0	0	0	0	0	88862460	0	100.0	nan	87856171	0	44060489	0	43795682	0	83606408	0	95.16	nan	86566134	0	1290037	0	1.47	nan	2565202	0	1160496	0	88862460
MHW258-RG	82298174	0	929948	0	0	0	0	0	82298174	0	100.0	nan	81368226	0	40791622	0	40576604	0	77929346	0	95.77	nan	80347392	0	1020834	0	1.25	nan	2140196	0	971595	0	82298174
MHW260-RG	89763701	0	1059932	0	0	0	0	0	89763701	0	100.0	nan	88703769	0	44474996	0	44228773	0	84462344	0	95.22	nan	87418580	0	1285189	0	1.45	nan	2588234	0	1134219	0	89763701
MHW263-RG	80914019	0	887936	0	0	0	0	0	80914019	0	100.0	nan	80026083	0	40123664	0	39902419	0	76676926	0	95.81	nan	79019616	0	1006467	0	1.26	nan	2071932	0	931861	0	80914019
MHW265-RG	81929181	0	1091633	0	0	0	0	0	81929181	0	100.0	nan	80837548	0	40525475	0	40312073	0	77065236	0	95.33	nan	79853552	0	983996	0	1.22	nan	2472934	0	1180122	0	81929181
MHW267-RG	79326161	0	964047	0	0	0	0	0	79326161	0	100.0	nan	78362114	0	39295566	0	39066548	0	74617652	0	95.22	nan	77262112	0	1100002	0	1.4	nan	2319510	0	1048446	0	79326161
MHW268-RG	97999437	0	1118277	0	0	0	0	0	97999437	0	100.0	nan	96881160	0	48586526	0	48294634	0	92279422	0	95.25	nan	95550372	0	1330788	0	1.37	nan	2884240	0	1345102	0	97999437
MHW269-RG	77322749	0	971448	0	0	0	0	0	77322749	0	100.0	nan	76351301	0	38274298	0	38077003	0	72919674	0	95.51	nan	75394564	0	956737	0	1.25	nan	2181502	0	1031269	0	77322749
MHW270-RG	77726318	0	912199	0	0	0	0	0	77726318	0	100.0	nan	76814119	0	38509827	0	38304292	0	73523972	0	95.72	nan	75844450	0	969669	0	1.26	nan	2063204	0	918037	0	77726318
MHW271-RG	67985816	0	785923	0	0	0	0	0	67985816	0	100.0	nan	67199893	0	33686130	0	33513763	0	64565192	0	96.08	nan	66452230	0	747663	0	1.11	nan	1657534	0	741965	0	67985816
MHW272-RG	77284592	0	977777	0	0	0	0	0	77284592	0	100.0	nan	76306815	0	38249037	0	38057778	0	72877722	0	95.51	nan	75426488	0	880327	0	1.15	nan	2259376	0	1094010	0	77284592
MHW273-RG	88419821	0	940440	0	0	0	0	0	88419821	0	100.0	nan	87479381	0	43886574	0	43592807	0	83239220	0	95.15	nan	86200624	0	1278757	0	1.46	nan	2593528	0	1208934	0	88419821
MHW274-RG	88991611	0	957340	0	0	0	0	0	88991611	0	100.0	nan	88034271	0	44154820	0	43879451	0	84146322	0	95.58	nan	86869602	0	1164669	0	1.32	nan	2386418	0	1070378	0	88991611
MHW275-RG	83989146	0	978770	0	0	0	0	0	83989146	0	100.0	nan	83010376	0	41637930	0	41372446	0	79074256	0	95.26	nan	81831634	0	1178742	0	1.42	nan	2427042	0	1098194	0	83989146
MHW276-RG	83432370	0	1037369	0	0	0	0	0	83432370	0	100.0	nan	82395001	0	41313084	0	41081917	0	78749516	0	95.58	nan	81356344	0	1038657	0	1.26	nan	2286180	0	1029051	0	83432370
MHW277-RG	87184787	0	921976	0	0	0	0	0	87184787	0	100.0	nan	86262811	0	43268542	0	42994269	0	82262224	0	95.36	nan	85066806	0	1196005	0	1.39	nan	2451942	0	1124717	0	87184787
MHW278-RG	81524760	0	885438	0	0	0	0	0	81524760	0	100.0	nan	80639322	0	40432202	0	40207120	0	77107238	0	95.62	nan	79611722	0	1027600	0	1.27	nan	2202736	0	1029580	0	81524760
MHW279-RG	67546469	0	792209	0	0	0	0	0	67546469	0	100.0	nan	66754260	0	33472719	0	33281541	0	63750640	0	95.5	nan	65870402	0	883858	0	1.32	nan	1867174	0	866572	0	67546469
MHW280-RG	85619740	0	928221	0	0	0	0	0	85619740	0	100.0	nan	84691519	0	42470268	0	42221251	0	80967556	0	95.6	nan	83586504	0	1105015	0	1.3	nan	2301928	0	1025570	0	85619740
MHW281-RG	91801436	0	969665	0	0	0	0	0	91801436	0	100.0	nan	90831771	0	45555493	0	45276278	0	86524544	0	95.26	nan	89522894	0	1308877	0	1.44	nan	2615364	0	1176240	0	91801436
MHW282-RG	91642810	0	1050789	0	0	0	0	0	91642810	0	100.0	nan	90592021	0	45425991	0	45166030	0	86677970	0	95.68	nan	89450186	0	1141835	0	1.26	nan	2444240	0	1067395	0	91642810
MHW283-RG	90037181	0	1089127	0	0	0	0	0	90037181	0	100.0	nan	88948054	0	44601112	0	44346942	0	84740566	0	95.27	nan	87760048	0	1188006	0	1.34	nan	2645216	0	1195171	0	90037181
MHW284-RG	85417047	0	949272	0	0	0	0	0	85417047	0	100.0	nan	84467775	0	42348193	0	42119582	0	80752240	0	95.6	nan	83412772	0	1055003	0	1.25	nan	2350864	0	1122899	0	85417047
MHW285-RG	84926208	0	914366	0	0	0	0	0	84926208	0	100.0	nan	84011842	0	42122464	0	41889378	0	80127606	0	95.38	nan	82869710	0	1142132	0	1.36	nan	2425462	0	1154908	0	84926208
MHW286-RG	88110552	0	974036	0	0	0	0	0	88110552	0	100.0	nan	87136516	0	43705594	0	43430922	0	82855668	0	95.09	nan	85828982	0	1307534	0	1.5	nan	2598610	0	1185304	0	88110552
MHW287-RG	74703172	0	808025	0	0	0	0	0	74703172	0	100.0	nan	73895147	0	37050849	0	36844298	0	70707346	0	95.69	nan	72901672	0	993475	0	1.34	nan	1927196	0	841827	0	74703172
MHW288-RG	88132222	0	1037709	0	0	0	0	0	88132222	0	100.0	nan	87094513	0	43662174	0	43432339	0	83195448	0	95.52	nan	85941074	0	1153439	0	1.32	nan	2403866	0	1103544	0	88132222
MHW289-RG	77208647	0	1173806	0	0	0	0	0	77208647	0	100.0	nan	76034841	0	38241084	0	37793757	0	69259264	0	91.09	nan	74276850	0	1757991	0	2.31	nan	4582398	0	2846479	0	77208647
MHW290-RG	81341895	0	1364349	0	0	0	0	0	81341895	0	100.0	nan	79977546	0	40246087	0	39731459	0	71976144	0	90.0	nan	78154234	0	1823312	0	2.28	nan	5673118	0	3709250	0	81341895
MHW291-RG	69879043	0	1360709	0	0	0	0	0	69879043	0	100.0	nan	68518334	0	34722792	0	33795542	0	60048424	0	87.64	nan	66407274	0	2111060	0	3.08	nan	5888374	0	3917811	0	69879043
MHW292-RG	94989853	0	1298923	0	0	0	0	0	94989853	0	100.0	nan	93690930	0	47123679	0	46567251	0	86737678	0	92.58	nan	91846478	0	1844452	0	1.97	nan	4592066	0	2671981	0	94989853
MHW293-RG	93092527	0	1577169	0	0	0	0	0	93092527	0	100.0	nan	91515358	0	46034505	0	45480853	0	81964010	0	89.56	nan	89376232	0	2139126	0	2.34	nan	6832546	0	4470332	0	93092527
MHW294-RG	98275120	0	1512038	0	0	0	0	0	98275120	0	100.0	nan	96763082	0	48664561	0	48098521	0	88102204	0	91.05	nan	94708676	0	2054406	0	2.12	nan	6054282	0	3802587	0	98275120
MHW295-RG	103647675	0	1472057	0	0	0	0	0	103647675	0	100.0	nan	102175618	0	51393516	0	50782102	0	94578486	0	92.56	nan	100131200	0	2044418	0	2.0	nan	4999176	0	2899110	0	103647675
MHW296-RG	114924542	0	2590668	0	0	0	0	0	114924542	0	100.0	nan	112333874	0	56503067	0	55830807	0	95306686	0	84.84	nan	109473844	0	2860030	0	2.55	nan	13232728	0	9486692	0	114924542
MHW297-RG	102356286	0	4569496	0	0	0	0	0	102356286	0	100.0	nan	97786790	0	49157395	0	48629395	0	84164258	0	86.07	nan	95414998	0	2371792	0	2.43	nan	9811212	0	4664754	0	102356286
MHW298-RG	99285276	0	1357267	0	0	0	0	0	99285276	0	100.0	nan	97928009	0	49224327	0	48703682	0	91241076	0	93.17	nan	96034320	0	1893689	0	1.93	nan	4296224	0	2376352	0	99285276
MHW299-RG	91087672	0	1984676	0	0	0	0	0	91087672	0	100.0	nan	89102996	0	45018815	0	44084181	0	76697556	0	86.08	nan	86522874	0	2580122	0	2.9	nan	9155454	0	6285733	0	91087672
MHW300-RG	107354146	0	1883242	0	0	0	0	0	107354146	0	100.0	nan	105470904	0	53055601	0	52415303	0	94098266	0	89.22	nan	103146936	0	2323968	0	2.2	nan	8335648	0	5620045	0	107354146
MHW301-RG	104354551	0	1768800	0	0	0	0	0	104354551	0	100.0	nan	102585751	0	51595084	0	50990667	0	92529722	0	90.2	nan	100253386	0	2332365	0	2.27	nan	7085102	0	4531554	0	104354551
MHW302-RG	96933129	0	1268090	0	0	0	0	0	96933129	0	100.0	nan	95665039	0	48074201	0	47590838	0	89939606	0	94.02	nan	93864928	0	1800111	0	1.88	nan	3466902	0	1698804	0	96933129
MHW303-RG	104037199	0	1263999	0	0	0	0	0	104037199	0	100.0	nan	102773200	0	51651627	0	51121573	0	97156414	0	94.53	nan	101003590	0	1769610	0	1.72	nan	3393802	0	1681109	0	104037199
MHW304-RG	100702061	0	6264769	0	0	0	0	0	100702061	0	100.0	nan	94437292	0	47470528	0	46966764	0	80679770	0	85.43	nan	91314056	0	3123236	0	3.31	nan	9034394	0	4179100	0	100702061
MHW305-RG	96846712	0	1181664	0	0	0	0	0	96846712	0	100.0	nan	95665048	0	48002999	0	47662049	0	90271750	0	94.36	nan	93823116	0	1841932	0	1.93	nan	3122014	0	1485173	0	96846712
MHW306-RG	95487632	0	1228195	0	0	0	0	0	95487632	0	100.0	nan	94259437	0	47349264	0	46910173	0	88619636	0	94.02	nan	92481080	0	1778357	0	1.89	nan	3412486	0	1678843	0	95487632
MHW307-RG	110116979	0	1539339	0	0	0	0	0	110116979	0	100.0	nan	108577640	0	54725944	0	53851696	0	101003288	0	93.02	nan	106230430	0	2347210	0	2.16	nan	4702222	0	2543979	0	110116979
MHW308-RG	83046442	0	1207023	0	0	0	0	0	83046442	0	100.0	nan	81839419	0	41154414	0	40685005	0	75316214	0	92.03	nan	80204748	0	1634671	0	2.0	nan	4450240	0	2712732	0	83046442
MHW309-RG	90501644	0	1419506	0	0	0	0	0	90501644	0	100.0	nan	89082138	0	44797172	0	44284966	0	81363864	0	91.34	nan	87114366	0	1967772	0	2.21	nan	5221908	0	3133833	0	90501644
MHW310-RG	89480105	0	1142915	0	0	0	0	0	89480105	0	100.0	nan	88337190	0	44380074	0	43957116	0	82691382	0	93.61	nan	86591368	0	1745822	0	1.98	nan	3458672	0	1736106	0	89480105
MHW311-RG	72135312	0	966758	0	0	0	0	0	72135312	0	100.0	nan	71168554	0	35694883	0	35473671	0	67833054	0	95.31	nan	70129070	0	1039484	0	1.46	nan	1997990	0	775018	0	72135312
MHW312-RG	112580084	0	1099262	0	0	0	0	0	112580084	0	100.0	nan	111480822	0	55957912	0	55522910	0	105847948	0	94.95	nan	109585390	0	1895432	0	1.7	nan	3206978	0	1379602	0	112580084
MHW313-RG	91226831	0	981220	0	0	0	0	0	91226831	0	100.0	nan	90245611	0	45284527	0	44961084	0	85616064	0	94.87	nan	88753004	0	1492607	0	1.65	nan	2709866	0	1207619	0	91226831
MHW314-RG	90486209	0	991955	0	0	0	0	0	90486209	0	100.0	nan	89494254	0	44906606	0	44587648	0	84910888	0	94.88	nan	88016550	0	1477704	0	1.65	nan	2684154	0	1164016	0	90486209
MHW315-RG	84811395	0	898745	0	0	0	0	0	84811395	0	100.0	nan	83912650	0	42084779	0	41827871	0	79962862	0	95.29	nan	82639200	0	1273450	0	1.52	nan	2331058	0	1013392	0	84811395
MHW316-RG	82138481	0	784564	0	0	0	0	0	82138481	0	100.0	nan	81353917	0	40816949	0	40536968	0	77728580	0	95.54	nan	80122722	0	1231195	0	1.51	nan	2041690	0	858508	0	82138481
MHW317-RG	79289928	0	854675	0	0	0	0	0	79289928	0	100.0	nan	78435253	0	39349342	0	39085911	0	74572562	0	95.08	nan	77182218	0	1253035	0	1.6	nan	2252740	0	1004477	0	79289928
MHW318-RG	85188257	0	841346	0	0	0	0	0	85188257	0	100.0	nan	84346911	0	42313242	0	42033669	0	80471658	0	95.41	nan	83063350	0	1283561	0	1.52	nan	2216860	0	924065	0	85188257
MHW319-RG	98500698	0	1008619	0	0	0	0	0	98500698	0	100.0	nan	97492079	0	48897306	0	48594773	0	93205860	0	95.6	nan	96131714	0	1360365	0	1.4	nan	2503998	0	1036951	0	98500698
MHW320-RG	112159943	0	1110687	0	0	0	0	0	112159943	0	100.0	nan	111049256	0	55738968	0	55310288	0	105576172	0	95.07	nan	109226246	0	1823010	0	1.64	nan	3117038	0	1298336	0	112159943
MHW321-RG	171310495	0	1880005	0	0	0	0	0	171310495	0	100.0	nan	169430490	0	85025660	0	84404830	0	160257806	0	94.59	nan	166513506	0	2916984	0	1.72	nan	5406878	0	2319559	0	171310495
MHW322-RG	101112831	0	1168401	0	0	0	0	0	101112831	0	100.0	nan	99944430	0	50130482	0	49813948	0	95214378	0	95.27	nan	98588726	0	1355704	0	1.36	nan	2965888	0	1320500	0	101112831
MHW323-RG	108658361	0	1140953	0	0	0	0	0	108658361	0	100.0	nan	107517408	0	53936199	0	53581209	0	102282686	0	95.13	nan	105832742	0	1684666	0	1.57	nan	3077226	0	1314364	0	108658361
MHW324-RG	102774320	0	1078051	0	0	0	0	0	102774320	0	100.0	nan	101696269	0	51038985	0	50657284	0	96321364	0	94.71	nan	99921760	0	1774509	0	1.74	nan	3116872	0	1326459	0	102774320
MHW325-RG	99024890	0	1010012	0	0	0	0	0	99024890	0	100.0	nan	98014878	0	49189730	0	48825148	0	93046072	0	94.93	nan	96381208	0	1633670	0	1.67	nan	2858086	0	1223623	0	99024890
MHW326-RG	87040543	0	925903	0	0	0	0	0	87040543	0	100.0	nan	86114640	0	43245665	0	42868975	0	81592134	0	94.75	nan	84619930	0	1494710	0	1.74	nan	2561636	0	1109915	0	87040543
MHW327-RG	87728852	0	969800	0	0	0	0	0	87728852	0	100.0	nan	86759052	0	43549468	0	43209584	0	82268454	0	94.82	nan	85322746	0	1436306	0	1.66	nan	2614332	0	1148126	0	87728852
MHW328-RG	92214791	0	3888186	0	0	0	0	0	92214791	0	100.0	nan	88326605	0	44344048	0	43982557	0	77442412	0	87.68	nan	86643682	0	1682923	0	1.91	nan	7773014	0	3201490	0	92214791
MHW329-RG	103075899	0	1078645	0	0	0	0	0	103075899	0	100.0	nan	101997254	0	51183289	0	50813965	0	96975682	0	95.08	nan	100391032	0	1606222	0	1.57	nan	2930182	0	1307774	0	103075899
MHW330-RG	89804299	0	1020293	0	0	0	0	0	89804299	0	100.0	nan	88784006	0	44538745	0	44245261	0	84236528	0	94.88	nan	87422658	0	1361348	0	1.53	nan	2757238	0	1246321	0	89804299
MHW331-RG	86385738	0	990661	0	0	0	0	0	86385738	0	100.0	nan	85395077	0	42820534	0	42574543	0	81427046	0	95.35	nan	84203510	0	1191567	0	1.4	nan	2419636	0	1120744	0	86385738
MHW332-RG	85794252	0	870983	0	0	0	0	0	85794252	0	100.0	nan	84923269	0	42656536	0	42266733	0	80229186	0	94.47	nan	83300946	0	1622323	0	1.91	nan	2633446	0	1148290	0	85794252
MHW333-RG	82931552	0	836599	0	0	0	0	0	82931552	0	100.0	nan	82094953	0	41198090	0	40896863	0	78102064	0	95.14	nan	80761912	0	1333041	0	1.62	nan	2295018	0	997607	0	82931552
MHW334-RG	92469485	0	1003731	0	0	0	0	0	92469485	0	100.0	nan	91465754	0	45905514	0	45560240	0	86829398	0	94.93	nan	89942750	0	1523004	0	1.67	nan	2695978	0	1185331	0	92469485
MHW335-RG	89228316	0	4930903	0	0	0	0	0	89228316	0	100.0	nan	84297413	0	42385683	0	41911730	0	69785318	0	82.78	nan	82275084	0	2022329	0	2.4	nan	11170472	0	6150414	0	89228316
MHW336-RG	92293548	0	1639743	0	0	0	0	0	92293548	0	100.0	nan	90653805	0	45590752	0	45063053	0	82628556	0	91.15	nan	88821730	0	1832075	0	2.02	nan	5638812	0	3562391	0	92293548
MHW337-RG	78069662	0	1137944	0	0	0	0	0	78069662	0	100.0	nan	76931718	0	38674201	0	38257517	0	71564376	0	93.02	nan	75489904	0	1441814	0	1.87	nan	3530068	0	2015714	0	78069662
MHW338-RG	89214103	0	1451930	0	0	0	0	0	89214103	0	100.0	nan	87762173	0	44115738	0	43646435	0	80200760	0	91.38	nan	85889770	0	1872403	0	2.13	nan	5191140	0	3213104	0	89214103
MHW339-RG	85034108	0	1345515	0	0	0	0	0	85034108	0	100.0	nan	83688593	0	42037349	0	41651244	0	78142808	0	93.37	nan	82213356	0	1475237	0	1.76	nan	3663166	0	2046284	0	85034108
MHW340-RG	93872034	0	3576867	0	0	0	0	0	93872034	0	100.0	nan	90295167	0	45479298	0	44815869	0	73876344	0	81.82	nan	87871724	0	2423443	0	2.68	nan	13111510	0	9557708	0	93872034
MHW341-RG	96100514	0	1543048	0	0	0	0	0	96100514	0	100.0	nan	94557466	0	47535592	0	47021874	0	87279272	0	92.3	nan	92787786	0	1769680	0	1.87	nan	4992258	0	3041311	0	96100514
MHW342-RG	101157764	0	1587152	0	0	0	0	0	101157764	0	100.0	nan	99570612	0	50065955	0	49504657	0	91557892	0	91.95	nan	97528796	0	2041816	0	2.05	nan	5414954	0	3263953	0	101157764
MHW343-RG	101877713	0	4862873	0	0	0	0	0	101877713	0	100.0	nan	97014840	0	48776215	0	48238625	0	79736378	0	82.19	nan	94644900	0	2369940	0	2.44	nan	13939594	0	9934885	0	101877713
MHW344-RG	108006960	0	2033622	0	0	0	0	0	108006960	0	100.0	nan	105973338	0	53256472	0	52716866	0	97220428	0	91.74	nan	104066178	0	1907160	0	1.8	nan	6238148	0	3913862	0	108006960
MHW345-RG	94822852	0	1044036	0	0	0	0	0	94822852	0	100.0	nan	93778816	0	47047029	0	46731787	0	89194612	0	95.11	nan	92313660	0	1465156	0	1.56	nan	2704122	0	1209842	0	94822852
MHW347-RG	83373930	0	909829	0	0	0	0	0	83373930	0	100.0	nan	82464101	0	41351198	0	41112903	0	78726682	0	95.47	nan	81333534	0	1130567	0	1.37	nan	2272204	0	1076347	0	83373930
MHW348-RG	82803009	0	923783	0	0	0	0	0	82803009	0	100.0	nan	81879226	0	41078429	0	40800797	0	77727302	0	94.93	nan	80591954	0	1287272	0	1.57	nan	2475280	0	1077282	0	82803009
MHW349-RG	74355033	0	829449	0	0	0	0	0	74355033	0	100.0	nan	73525584	0	36883749	0	36641835	0	70013880	0	95.22	nan	72454942	0	1070642	0	1.46	nan	2112476	0	978352	0	74355033
MHW350-RG	79636744	0	900689	0	0	0	0	0	79636744	0	100.0	nan	78736055	0	39479767	0	39256288	0	75218476	0	95.53	nan	77722322	0	1013733	0	1.29	nan	2169060	0	1047390	0	79636744
MHW351-RG	86050994	0	900890	0	0	0	0	0	86050994	0	100.0	nan	85150104	0	42721805	0	42428299	0	81048472	0	95.18	nan	83860306	0	1289798	0	1.51	nan	2424836	0	1092068	0	86050994
MHW352-RG	86196384	0	933814	0	0	0	0	0	86196384	0	100.0	nan	85262570	0	42765668	0	42496902	0	81314230	0	95.37	nan	84041954	0	1220616	0	1.43	nan	2363110	0	1037755	0	86196384
MHW353-RG	76534237	0	817871	0	0	0	0	0	76534237	0	100.0	nan	75716366	0	37977163	0	37739203	0	72198212	0	95.35	nan	74599212	0	1117154	0	1.48	nan	2073278	0	927057	0	76534237
MHW407-RG	87326779	0	913665	0	0	0	0	0	87326779	0	100.0	nan	86413114	0	43348744	0	43064370	0	82231198	0	95.16	nan	85105816	0	1307298	0	1.51	nan	2481534	0	1151723	0	87326779
MHW410-RG	89035851	0	905044	0	0	0	0	0	89035851	0	100.0	nan	88130807	0	44206327	0	43924480	0	84041816	0	95.36	nan	86850952	0	1279855	0	1.45	nan	2418234	0	1088760	0	89035851
MHW419-RG	86354088	0	926317	0	0	0	0	0	86354088	0	100.0	nan	85427771	0	42852095	0	42575676	0	81327166	0	95.2	nan	84136020	0	1291751	0	1.51	nan	2435824	0	1115138	0	86354088
MHW420-RG	74016687	0	811196	0	0	0	0	0	74016687	0	100.0	nan	73205491	0	36711580	0	36493911	0	69828962	0	95.39	nan	72215966	0	989525	0	1.35	nan	2068312	0	925646	0	74016687
MHW421-RG	72086923	0	877972	0	0	0	0	0	72086923	0	100.0	nan	71208951	0	35717395	0	35491556	0	67676448	0	95.04	nan	70141688	0	1067263	0	1.5	nan	2138442	0	994211	0	72086923
MHW422-RG	80047115	0	917450	0	0	0	0	0	80047115	0	100.0	nan	79129665	0	39688691	0	39440974	0	75420364	0	95.31	nan	78012998	0	1116667	0	1.41	nan	2258224	0	1041851	0	80047115
MHW424-RG	67349908	0	779512	0	0	0	0	0	67349908	0	100.0	nan	66570396	0	33380308	0	33190088	0	63429796	0	95.28	nan	65647322	0	923074	0	1.39	nan	1937998	0	915511	0	67349908
MHW425-RG	69880242	0	821174	0	0	0	0	0	69880242	0	100.0	nan	69059068	0	34632187	0	34426881	0	65602172	0	94.99	nan	68051846	0	1007222	0	1.46	nan	2132548	0	990089	0	69880242
MHW426-RG	70948852	0	849241	0	0	0	0	0	70948852	0	100.0	nan	70099611	0	35161563	0	34938048	0	66421860	0	94.75	nan	69023242	0	1076369	0	1.54	nan	2267996	0	1052741	0	70948852
MHW427-RG	73309982	0	868482	0	0	0	0	0	73309982	0	100.0	nan	72441500	0	36320230	0	36121270	0	68887832	0	95.09	nan	71465054	0	976446	0	1.35	nan	2263082	0	1111581	0	73309982
MHW429-RG	89485285	0	1066231	0	0	0	0	0	89485285	0	100.0	nan	88419054	0	44337784	0	44081270	0	84018534	0	95.02	nan	87165338	0	1253716	0	1.42	nan	2744850	0	1303222	0	89485285
MHW431-RG	77745979	0	908653	0	0	0	0	0	77745979	0	100.0	nan	76837326	0	38534959	0	38302367	0	73208198	0	95.28	nan	75797560	0	1039766	0	1.35	nan	2268828	0	1061393	0	77745979
MHW432-RG	84125753	0	968316	0	0	0	0	0	84125753	0	100.0	nan	83157437	0	41705717	0	41451720	0	79074536	0	95.09	nan	81975334	0	1182103	0	1.42	nan	2535430	0	1209818	0	84125753
