Sample	LIBRARY	UNPAIRED_READS_EXAMINED	READ_PAIRS_EXAMINED	SECONDARY_OR_SUPPLEMENTARY_RDS	UNMAPPED_READS	UNPAIRED_READ_DUPLICATES	READ_PAIR_DUPLICATES	READ_PAIR_OPTICAL_DUPLICATES	PERCENT_DUPLICATION	ESTIMATED_LIBRARY_SIZE
MHW001-RG	Unknown Library	200526.0	10427827.0	192662.0	0.0	64537.0	1187152.0	140713.0	0.115825	47073647.0
MHW002-RG	Unknown Library	372813.0	12920598.0	239993.0	0.0	101514.0	1248829.0	207726.0	0.099152	73320079.0
MHW003-RG	Unknown Library	1123373.0	31008950.0	785391.0	0.0	279160.0	3797704.0	2744309.0	0.124713	369716442.0
MHW004-RG	Unknown Library	831345.0	30366265.0	1121276.0	0.0	222404.0	3037858.0	1503906.0	0.102302	261824029.0
MHW005-RG	Unknown Library	357678.0	14596344.0	310861.0	0.0	99773.0	1979850.0	349317.0	0.137375	57397184.0
MHW006-RG	Unknown Library	616477.0	12756444.0	395312.0	0.0	198792.0	1141412.0	183806.0	0.094974	78288227.0
MHW007-RG	Unknown Library	1047563.0	25209253.0	927217.0	0.0	252936.0	2505867.0	1506354.0	0.102294	273092802.0
MHW008-RG	Unknown Library	1428411.0	24688072.0	1044511.0	0.0	342249.0	2544234.0	1486856.0	0.106894	246749086.0
MHW009-RG	Unknown Library	1520291.0	35859985.0	2218780.0	0.0	475637.0	4601052.0	3666837.0	0.132137	543905878.0
MHW010-RG	Unknown Library	2303875.0	38762773.0	6039687.0	0.0	824356.0	5122543.0	4180063.0	0.138664	622896329.0
MHW011-RG	Unknown Library	1713060.0	35874350.0	4727806.0	0.0	558251.0	4341576.0	3377243.0	0.125799	536674025.0
MHW012-RG	Unknown Library	1996580.0	43405314.0	7146860.0	0.0	720166.0	4973329.0	3600011.0	0.120112	563527560.0
MHW013-RG	Unknown Library	2857367.0	40204018.0	5600342.0	0.0	1097899.0	5625299.0	4711033.0	0.148303	677059224.0
MHW014-RG	Unknown Library	2231698.0	35106700.0	12702632.0	0.0	778603.0	3722940.0	2850403.0	0.113527	585430562.0
MHW015-RG	Unknown Library	3231583.0	30324673.0	5743316.0	0.0	1219298.0	3408355.0	2520386.0	0.125797	425988788.0
MHW016-RG	Unknown Library	2398597.0	39636475.0	4522234.0	0.0	799876.0	4772041.0	3609649.0	0.126653	546227618.0
MHW017-RG	Unknown Library	2330244.0	38266937.0	16196508.0	0.0	880080.0	4172893.0	2999918.0	0.116984	518352377.0
MHW018-RG	Unknown Library	697350.0	35388562.0	816692.0	0.0	436294.0	5569592.0	461382.0	0.161953	107455852.0
MHW019-RG	Unknown Library	514876.0	28464355.0	903138.0	0.0	212403.0	2732270.0	393845.0	0.098826	158986676.0
MHW020-RG	Unknown Library	572400.0	29585966.0	728859.0	0.0	302095.0	3745468.0	498948.0	0.13044	120414129.0
MHW021-RG	Unknown Library	587870.0	29781937.0	1049279.0	0.0	286178.0	2697929.0	426021.0	0.094462	179740707.0
MHW022-RG	Unknown Library	592883.0	25788005.0	743046.0	0.0	326812.0	2922683.0	474296.0	0.118311	122276941.0
MHW023-RG	Unknown Library	674173.0	24303763.0	2059021.0	0.0	263060.0	1529075.0	267026.0	0.067392	220815087.0
MHW024-RG	Unknown Library	1053341.0	50431099.0	1019986.0	0.0	722659.0	9946426.0	828076.0	0.20228	117820411.0
MHW025-RG	Unknown Library	1202542.0	49946190.0	1061434.0	0.0	704523.0	8375656.0	975026.0	0.172668	145253284.0
MHW026-RG	Unknown Library	855779.0	38299926.0	889884.0	0.0	544422.0	4840572.0	661873.0	0.132018	156712250.0
MHW027-RG	Unknown Library	1004992.0	54009789.0	961443.0	0.0	575055.0	8794917.0	1198094.0	0.166613	165506721.0
MHW028-RG	Unknown Library	790640.0	35106528.0	729836.0	0.0	491444.0	4821639.0	609096.0	0.142735	129503711.0
MHW029-RG	Unknown Library	1166773.0	43504578.0	776811.0	0.0	668642.0	6840040.0	754394.0	0.162728	135538280.0
MHW030-RG	Unknown Library	606100.0	20976591.0	473119.0	0.0	336200.0	2446200.0	359073.0	0.122855	94839081.0
MHW031-RG	Unknown Library	1083416.0	43739833.0	1045635.0	0.0	725731.0	8316330.0	724366.0	0.196	107055771.0
MHW032-RG	Unknown Library	1926646.0	38863667.0	1980931.0	0.0	629156.0	5456078.0	4516541.0	0.144893	616320554.0
MHW033-RG	Unknown Library	1620307.0	37781733.0	1438802.0	0.0	477398.0	4868925.0	3871139.0	0.13235	564880136.0
MHW034-RG	Unknown Library	1697043.0	38285529.0	2406482.0	0.0	522273.0	4771082.0	3755228.0	0.128589	575299219.0
MHW035-RG	Unknown Library	1886265.0	41791627.0	1976000.0	0.0	607451.0	5899933.0	4764941.0	0.145167	591551875.0
MHW036-RG	Unknown Library	1875745.0	37364878.0	3968866.0	0.0	611625.0	5211732.0	4080659.0	0.144051	478570582.0
MHW037-RG	Unknown Library	1662337.0	37084040.0	1550367.0	0.0	476864.0	4714542.0	3843965.0	0.130633	623451542.0
MHW038-RG	Unknown Library	1807947.0	39928041.0	2277597.0	0.0	560715.0	4957016.0	3831286.0	0.128266	566628938.0
MHW039-RG	Unknown Library	2014409.0	52636343.0	1133693.0	0.0	767859.0	12817661.0	11184007.0	0.246098	511995616.0
MHW040-RG	Unknown Library	1561762.0	52244874.0	1150258.0	0.0	570764.0	10433324.0	8561174.0	0.202142	494977810.0
MHW041-RG	Unknown Library	1430971.0	45853483.0	1079038.0	0.0	509519.0	9360633.0	7814760.0	0.206476	455234997.0
MHW042-RG	Unknown Library	1663974.0	50602847.0	1038725.0	0.0	613242.0	11729269.0	10024721.0	0.234003	469374420.0
MHW043-RG	Unknown Library	1697129.0	49718221.0	1058481.0	0.0	620161.0	11177074.0	9590413.0	0.227168	493964697.0
MHW044-RG	Unknown Library	1360027.0	46896075.0	1142347.0	0.0	483985.0	8346803.0	6652645.0	0.180528	464465208.0
MHW045-RG	Unknown Library	1156219.0	41236916.0	924774.0	0.0	388062.0	7285116.0	5884421.0	0.178863	434271606.0
MHW046-RG	Unknown Library	1655550.0	49498088.0	1098682.0	0.0	607287.0	10790207.0	9141315.0	0.22044	480321823.0
MHW047-RG	Unknown Library	1632261.0	47988330.0	1670419.0	0.0	526416.0	5989332.0	4471337.0	0.128114	609168250.0
MHW048-RG	Unknown Library	1602960.0	44737218.0	1527027.0	0.0	480319.0	5151957.0	3602792.0	0.118407	532314561.0
MHW049-RG	Unknown Library	1381959.0	40844772.0	1252709.0	0.0	409026.0	5101138.0	3689005.0	0.127737	476352293.0
MHW050-RG	Unknown Library	1661461.0	39575667.0	1508477.0	0.0	489418.0	5069757.0	3728971.0	0.131525	467166255.0
MHW051-RG	Unknown Library	2237627.0	46802507.0	2628420.0	0.0	761134.0	5969411.0	4823496.0	0.132508	754863891.0
MHW052-RG	Unknown Library	1952513.0	44526356.0	1513943.0	0.0	599999.0	6213436.0	4949566.0	0.143144	606389549.0
MHW053-RG	Unknown Library	1765807.0	45513529.0	1525916.0	0.0	531721.0	5818022.0	4450345.0	0.131128	602676174.0
MHW054-RG	Unknown Library	1812165.0	48600927.0	1306435.0	0.0	559018.0	7147918.0	5637070.0	0.150028	596472953.0
MHW055-RG	Unknown Library	1379538.0	43678748.0	1153016.0	0.0	391923.0	4934285.0	3608724.0	0.115628	592201298.0
MHW056-RG	Unknown Library	2097963.0	47930440.0	1636338.0	0.0	649321.0	6085039.0	4890922.0	0.130865	761222088.0
MHW057-RG	Unknown Library	1710058.0	44879831.0	1329987.0	0.0	499546.0	5386502.0	4203995.0	0.123238	685957673.0
MHW058-RG	Unknown Library	2215800.0	45570339.0	1881924.0	0.0	698314.0	5746240.0	4498181.0	0.130583	662057072.0
MHW059-RG	Unknown Library	2291523.0	47806288.0	2685716.0	0.0	761999.0	5772619.0	4462200.0	0.125707	702313565.0
MHW060-RG	Unknown Library	1885918.0	47107460.0	1341694.0	0.0	568214.0	6044301.0	4560476.0	0.131703	595726708.0
MHW061-RG	Unknown Library	2199065.0	46507277.0	2094601.0	0.0	723519.0	5868314.0	4630216.0	0.130865	694189760.0
MHW062-RG	Unknown Library	1963629.0	50050537.0	1785996.0	0.0	635960.0	6188015.0	4769197.0	0.127488	707399260.0
MHW063-RG	Unknown Library	1935525.0	46058257.0	1683516.0	0.0	611076.0	5751920.0	4579375.0	0.128811	719767104.0
MHW064-RG	Unknown Library	1845388.0	46336630.0	1414639.0	0.0	542426.0	5327747.0	3951537.0	0.118473	638490765.0
MHW065-RG	Unknown Library	1829531.0	49118452.0	1283784.0	0.0	544872.0	6122252.0	4582232.0	0.127809	629044412.0
MHW066-RG	Unknown Library	2307622.0	45802800.0	1990119.0	0.0	733231.0	5959930.0	4671203.0	0.134732	642604027.0
MHW067-RG	Unknown Library	2193910.0	41957043.0	2037294.0	0.0	742823.0	6065176.0	5121236.0	0.1495	706398590.0
MHW068-RG	Unknown Library	1784390.0	41114505.0	1390846.0	0.0	520817.0	5422315.0	4438842.0	0.135281	671573532.0
MHW069-RG	Unknown Library	1707861.0	35456344.0	1347945.0	0.0	502146.0	4725501.0	3772820.0	0.137057	516238036.0
MHW070-RG	Unknown Library	1764335.0	32471932.0	1440976.0	0.0	494251.0	3879608.0	2952243.0	0.123725	459939989.0
MHW071-RG	Unknown Library	2604084.0	30804579.0	4291441.0	0.0	901654.0	3795172.0	2817475.0	0.132247	391188586.0
MHW072-RG	Unknown Library	2246297.0	35375778.0	2203508.0	0.0	750057.0	5078746.0	4178293.0	0.149423	529990822.0
MHW073-RG	Unknown Library	1229052.0	31757239.0	993717.0	0.0	340759.0	4297862.0	3485575.0	0.138029	482528173.0
MHW074-RG	Unknown Library	1916715.0	43124558.0	1679464.0	0.0	641114.0	6498803.0	5234237.0	0.154694	554954151.0
MHW075-RG	Unknown Library	1358504.0	32844629.0	996592.0	0.0	389254.0	4931483.0	4130975.0	0.152909	505352833.0
MHW076-RG	Unknown Library	1669086.0	38506010.0	1418193.0	0.0	511527.0	5430629.0	4222674.0	0.144543	475006682.0
MHW077-RG	Unknown Library	1257833.0	32834468.0	983838.0	0.0	345202.0	4034544.0	3024879.0	0.125724	430059030.0
MHW078-RG	Unknown Library	1565811.0	31999722.0	1012684.0	0.0	426281.0	4016442.0	3018225.0	0.129019	410996718.0
MHW079-RG	Unknown Library	1977982.0	38242374.0	1741886.0	0.0	657190.0	5595464.0	4563346.0	0.151003	538205306.0
MHW080-RG	Unknown Library	1835971.0	32593480.0	1542593.0	0.0	562048.0	4784987.0	3936501.0	0.151172	474333774.0
MHW081-RG	Unknown Library	1451166.0	32821973.0	1952062.0	0.0	430348.0	3806507.0	2941718.0	0.11988	506203531.0
MHW082-RG	Unknown Library	1627523.0	35752517.0	1640343.0	0.0	497805.0	4834611.0	3863442.0	0.139022	512866512.0
MHW083-RG	Unknown Library	1461407.0	35919724.0	1505099.0	0.0	433074.0	4681589.0	3674106.0	0.133644	505223035.0
MHW084-RG	Unknown Library	1919498.0	38243299.0	1910824.0	0.0	621483.0	5273024.0	4145922.0	0.142432	504331732.0
MHW085-RG	Unknown Library	1236586.0	32154212.0	1087346.0	0.0	330596.0	3653499.0	2564765.0	0.116524	392163893.0
MHW086-RG	Unknown Library	1907927.0	33986004.0	1802323.0	0.0	576151.0	4035585.0	3060379.0	0.123745	479991352.0
MHW087-RG	Unknown Library	2175016.0	41157856.0	2853397.0	0.0	711615.0	5032276.0	3801931.0	0.127543	554581628.0
MHW088-RG	Unknown Library	2354605.0	36563421.0	2978646.0	0.0	824804.0	5190069.0	4248236.0	0.148446	543557467.0
MHW089-RG	Unknown Library	2097682.0	35604171.0	4303552.0	0.0	722710.0	4384407.0	3484185.0	0.129478	562264274.0
MHW090-RG	Unknown Library	1659775.0	32346587.0	2775418.0	0.0	530607.0	4065977.0	3287648.0	0.130553	532728042.0
MHW091-RG	Unknown Library	659049.0	32703865.0	895335.0	0.0	205889.0	4147628.0	2595455.0	0.128675	281890419.0
MHW092-RG	Unknown Library	687110.0	33342629.0	1075270.0	0.0	223628.0	4293547.0	2590499.0	0.130776	267299115.0
MHW093-RG	Unknown Library	738211.0	38319003.0	1348084.0	0.0	266037.0	4566222.0	2144600.0	0.121465	257990513.0
MHW094-RG	Unknown Library	848669.0	40834675.0	1462545.0	0.0	320210.0	5212001.0	2636373.0	0.130204	270372055.0
MHW095-RG	Unknown Library	826745.0	40965004.0	1367168.0	0.0	294148.0	5284992.0	2871645.0	0.131278	287804799.0
MHW096-RG	Unknown Library	1023093.0	48713716.0	1391357.0	0.0	383688.0	7187214.0	4403708.0	0.149904	337750491.0
MHW097-RG	Unknown Library	1234790.0	32441120.0	3878437.0	0.0	444233.0	3033402.0	685085.0	0.098477	203995480.0
MHW098-RG	Unknown Library	1447357.0	29009962.0	9547393.0	0.0	459057.0	2043674.0	921581.0	0.076452	342129544.0
MHW099-RG	Unknown Library	1108083.0	31301602.0	6462474.0	0.0	345768.0	2246403.0	1166163.0	0.075945	410237608.0
MHW100-RG	Unknown Library	1228473.0	33532509.0	8616598.0	0.0	422350.0	2601673.0	1180982.0	0.082375	357484706.0
MHW101-RG	Unknown Library	1456380.0	32535073.0	9567237.0	0.0	484293.0	2409577.0	1443481.0	0.079719	489887474.0
MHW102-RG	Unknown Library	1616384.0	36062069.0	10894301.0	0.0	580447.0	3005210.0	1636496.0	0.089379	421379075.0
MHW103-RG	Unknown Library	1844739.0	31066529.0	7404366.0	0.0	624780.0	2946512.0	2190409.0	0.101876	541731969.0
MHW104-RG	Unknown Library	1486381.0	30117420.0	5101664.0	0.0	427441.0	2262735.0	1034803.0	0.080246	334635608.0
MHW105-RG	Unknown Library	1298523.0	31963414.0	2908222.0	0.0	382936.0	2767715.0	1421111.0	0.090737	336107342.0
MHW106-RG	Unknown Library	2441744.0	31485852.0	10493698.0	0.0	888638.0	3329644.0	2502207.0	0.115388	497914844.0
MHW107-RG	Unknown Library	1045776.0	31774680.0	2301272.0	0.0	315750.0	3168669.0	2067562.0	0.102997	390774134.0
MHW108-RG	Unknown Library	1220749.0	34083113.0	4967010.0	0.0	389162.0	2856866.0	1657326.0	0.087954	427387942.0
MHW109-RG	Unknown Library	1174890.0	32104521.0	3943261.0	0.0	377086.0	2856068.0	1715117.0	0.09313	394518717.0
MHW110-RG	Unknown Library	1197469.0	36773364.0	4637453.0	0.0	407489.0	3423934.0	1470231.0	0.097069	307081698.0
MHW111-RG	Unknown Library	1376167.0	34094316.0	2230298.0	0.0	423910.0	3677083.0	2395458.0	0.111811	381370141.0
MHW112-RG	Unknown Library	1436976.0	27870708.0	2863153.0	0.0	408681.0	2466660.0	1226698.0	0.093427	277308102.0
MHW113-RG	Unknown Library	1130766.0	30843849.0	2788496.0	0.0	359132.0	2882815.0	1140017.0	0.097499	243131248.0
MHW114-RG	Unknown Library	1933449.0	31345411.0	15044823.0	0.0	698748.0	2764597.0	1896980.0	0.096372	489900383.0
MHW115-RG	Unknown Library	1288121.0	48236952.0	2282816.0	0.0	446000.0	4992746.0	2650880.0	0.106703	428353355.0
MHW116-RG	Unknown Library	975314.0	34045833.0	1450284.0	0.0	285719.0	3228478.0	1803117.0	0.097625	353848313.0
MHW117-RG	Unknown Library	1235102.0	36854924.0	2232040.0	0.0	376627.0	3331287.0	1659776.0	0.093925	358705535.0
MHW118-RG	Unknown Library	1115464.0	33466441.0	2838068.0	0.0	340408.0	2989554.0	1741518.0	0.092868	392576034.0
MHW119-RG	Unknown Library	1375746.0	39136696.0	2159944.0	0.0	455812.0	4398410.0	2333600.0	0.116167	315602524.0
MHW120-RG	Unknown Library	843697.0	40152974.0	1310247.0	0.0	309540.0	5113373.0	2740502.0	0.129838	282329303.0
MHW121-RG	Unknown Library	1216428.0	49983997.0	1389123.0	0.0	461475.0	7992380.0	5465163.0	0.162537	377131992.0
MHW122-RG	Unknown Library	833720.0	41707713.0	1179330.0	0.0	289470.0	5440832.0	3320837.0	0.132596	334619722.0
MHW123-RG	Unknown Library	1129399.0	45670565.0	1356667.0	0.0	427840.0	7411583.0	4999845.0	0.164928	329233210.0
MHW124-RG	Unknown Library	879121.0	45289235.0	1771443.0	0.0	346023.0	5585374.0	2445487.0	0.125925	277838543.0
MHW125-RG	Unknown Library	941487.0	42651065.0	1084400.0	0.0	319962.0	6062601.0	4030757.0	0.144302	354048468.0
MHW126-RG	Unknown Library	658061.0	36786508.0	1276653.0	0.0	259989.0	4772141.0	1596593.0	0.132078	183063534.0
MHW127-RG	Unknown Library	900677.0	42139651.0	1542394.0	0.0	345498.0	5627850.0	2992362.0	0.136196	277544042.0
MHW128-RG	Unknown Library	1005157.0	47643055.0	1292387.0	0.0	379732.0	7293235.0	4943114.0	0.155426	373545142.0
MHW129-RG	Unknown Library	1274233.0	56636053.0	1485565.0	0.0	517429.0	10012201.0	7295505.0	0.179332	431458368.0
MHW130-RG	Unknown Library	858028.0	45399856.0	1646897.0	0.0	359044.0	6546889.0	3278856.0	0.146772	257214603.0
MHW131-RG	Unknown Library	1043377.0	53443192.0	1853607.0	0.0	466704.0	8626748.0	4322154.0	0.164183	263642891.0
MHW132-RG	Unknown Library	858771.0	43676122.0	1449305.0	0.0	335355.0	6266968.0	3498335.0	0.145892	277973224.0
MHW133-RG	Unknown Library	1039751.0	47964864.0	1438703.0	0.0	409048.0	7300056.0	4544394.0	0.154782	327452269.0
MHW134-RG	Unknown Library	711999.0	39283525.0	1003551.0	0.0	237221.0	5227208.0	3396988.0	0.134861	339760801.0
MHW135-RG	Unknown Library	1049375.0	45894167.0	1558771.0	0.0	424878.0	7682716.0	5006646.0	0.170085	298575779.0
MHW136-RG	Unknown Library	1689713.0	44671017.0	1413356.0	0.0	493439.0	5350371.0	4124937.0	0.12297	657191917.0
MHW137-RG	Unknown Library	1829826.0	47279688.0	1668764.0	0.0	576979.0	5404174.0	3881100.0	0.118118	603748923.0
MHW138-RG	Unknown Library	2046023.0	52975049.0	1793060.0	0.0	653476.0	6118744.0	4453242.0	0.119365	690535443.0
MHW139-RG	Unknown Library	2262641.0	48399052.0	2931525.0	0.0	756752.0	5535170.0	4007573.0	0.119392	630117452.0
MHW140-RG	Unknown Library	2260465.0	42010411.0	2599308.0	0.0	791902.0	6147949.0	5127287.0	0.151688	654061061.0
MHW141-RG	Unknown Library	1896116.0	43235268.0	1607844.0	0.0	601686.0	6035908.0	4871236.0	0.14342	618997480.0
MHW142-RG	Unknown Library	2035580.0	43972125.0	2120883.0	0.0	704260.0	6183639.0	4975432.0	0.145272	616271224.0
MHW143-RG	Unknown Library	1942094.0	48505412.0	2197476.0	0.0	664196.0	6425146.0	5071279.0	0.136575	682162316.0
MHW144-RG	Unknown Library	1712206.0	41281277.0	1709397.0	0.0	531448.0	5204325.0	4134929.0	0.129815	632711989.0
MHW145-RG	Unknown Library	2571822.0	45223920.0	3599583.0	0.0	959771.0	5982874.0	4833624.0	0.138955	696228535.0
MHW146-RG	Unknown Library	1650889.0	42460701.0	2068375.0	0.0	546137.0	5192234.0	3778045.0	0.12626	516073698.0
MHW147-RG	Unknown Library	2327676.0	42827215.0	5522770.0	0.0	860929.0	5228352.0	3992766.0	0.128636	597268417.0
MHW148-RG	Unknown Library	2425860.0	48214082.0	5775245.0	0.0	949134.0	6216466.0	4838200.0	0.135372	668012106.0
MHW149-RG	Unknown Library	2353260.0	50343083.0	5644353.0	0.0	902187.0	7678363.0	5690372.0	0.157793	486479886.0
MHW150-RG	Unknown Library	1863981.0	49160274.0	3018602.0	0.0	661107.0	6409356.0	4725734.0	0.13455	571456325.0
MHW151-RG	Unknown Library	2262722.0	52380851.0	3553386.0	0.0	857945.0	7489725.0	5942446.0	0.147979	681309739.0
MHW152-RG	Unknown Library	1672792.0	47256217.0	2151710.0	0.0	575477.0	5967154.0	4346213.0	0.130059	553567571.0
MHW153-RG	Unknown Library	1997662.0	49148345.0	3260162.0	0.0	705394.0	5973867.0	4533334.0	0.12616	675936724.0
MHW154-RG	Unknown Library	1623397.0	44038207.0	1875923.0	0.0	532536.0	5752843.0	4207478.0	0.134206	499940351.0
MHW155-RG	Unknown Library	2842082.0	49350106.0	8175294.0	0.0	1113929.0	6905439.0	5427913.0	0.146981	638109887.0
MHW156-RG	Unknown Library	1205866.0	40211708.0	901457.0	0.0	443132.0	8798944.0	7307275.0	0.221012	351863125.0
MHW157-RG	Unknown Library	1278440.0	45113731.0	997548.0	0.0	473444.0	9367638.0	7759789.0	0.209918	421365217.0
MHW158-RG	Unknown Library	1285104.0	52108826.0	1281742.0	0.0	499948.0	10199524.0	7680149.0	0.19809	376791516.0
MHW159-RG	Unknown Library	898917.0	39989601.0	952664.0	0.0	315300.0	6511596.0	4739791.0	0.164921	338793892.0
MHW160-RG	Unknown Library	1139635.0	41127065.0	969439.0	0.0	396698.0	7981081.0	6539702.0	0.196164	403368542.0
MHW161-RG	Unknown Library	1071526.0	40810249.0	995453.0	0.0	381344.0	7498341.0	5940196.0	0.185967	378470065.0
MHW162-RG	Unknown Library	1074170.0	41245187.0	910486.0	0.0	377960.0	7849790.0	6427051.0	0.192397	414358465.0
MHW163-RG	Unknown Library	1124812.0	41738133.0	1022696.0	0.0	390730.0	7277629.0	5661199.0	0.176664	390481020.0
MHW164-RG	Unknown Library	981324.0	38929282.0	953836.0	0.0	338215.0	6546289.0	4979574.0	0.170355	356428366.0
MHW165-RG	Unknown Library	1094017.0	43785055.0	954437.0	0.0	386541.0	7537896.0	5652730.0	0.174392	372843751.0
MHW166-RG	Unknown Library	1340314.0	46707278.0	1146718.0	0.0	503073.0	9462055.0	7581089.0	0.205026	393784837.0
MHW167-RG	Unknown Library	1060323.0	42104544.0	971350.0	0.0	367330.0	7163224.0	5473803.0	0.172322	384815127.0
MHW168-RG	Unknown Library	1129077.0	40770854.0	922563.0	0.0	389950.0	7368307.0	5918049.0	0.182974	407093754.0
MHW169-RG	Unknown Library	978173.0	39555332.0	900795.0	0.0	323465.0	6368891.0	4915054.0	0.163084	401054035.0
MHW170-RG	Unknown Library	934444.0	42922200.0	990983.0	0.0	314402.0	6327109.0	4552766.0	0.149444	401970680.0
MHW171-RG	Unknown Library	1638533.0	56087323.0	1267054.0	0.0	618581.0	10141643.0	8029208.0	0.183651	530523982.0
MHW172-RG	Unknown Library	1056352.0	39631532.0	982683.0	0.0	365971.0	6996417.0	5349018.0	0.178771	345189572.0
MHW173-RG	Unknown Library	1173507.0	41093740.0	921019.0	0.0	404337.0	7800136.0	6311722.0	0.191992	394723335.0
MHW174-RG	Unknown Library	1201304.0	44326519.0	1007248.0	0.0	420421.0	8280989.0	6603707.0	0.188999	411531609.0
MHW175-RG	Unknown Library	925924.0	39018096.0	935938.0	0.0	307258.0	5924368.0	4374782.0	0.153947	375615587.0
MHW176-RG	Unknown Library	1652985.0	35238360.0	8512431.0	0.0	491275.0	2914237.0	1988316.0	0.087616	585872939.0
MHW177-RG	Unknown Library	1500358.0	31146419.0	2551207.0	0.0	418501.0	3341231.0	2486742.0	0.111312	471023260.0
MHW178-RG	Unknown Library	1391347.0	28768232.0	1752603.0	0.0	349927.0	2952358.0	2099773.0	0.106141	408150768.0
MHW179-RG	Unknown Library	1489578.0	30134753.0	2289249.0	0.0	424809.0	3394884.0	2531181.0	0.116818	431849082.0
MHW180-RG	Unknown Library	1916392.0	31613979.0	4021169.0	0.0	600845.0	3825742.0	3065639.0	0.126678	526557677.0
MHW181-RG	Unknown Library	1339012.0	28347269.0	4064341.0	0.0	402726.0	3098167.0	2307335.0	0.113711	419987250.0
MHW182-RG	Unknown Library	1490460.0	34944459.0	1660677.0	0.0	420121.0	4297973.0	3208731.0	0.126312	451679643.0
MHW183-RG	Unknown Library	1789742.0	34518327.0	4260629.0	0.0	595234.0	4477513.0	3497511.0	0.13484	480568153.0
MHW184-RG	Unknown Library	1777697.0	33914105.0	4027865.0	0.0	573616.0	4238560.0	3252186.0	0.130028	466293987.0
MHW185-RG	Unknown Library	1216735.0	29398031.0	1552083.0	0.0	315284.0	3098724.0	2113856.0	0.108522	368781449.0
MHW186-RG	Unknown Library	1341542.0	44886005.0	1013934.0	0.0	484778.0	9504730.0	7837527.0	0.213955	399200042.0
MHW187-RG	Unknown Library	1361568.0	47691408.0	1130467.0	0.0	492449.0	9922130.0	8178233.0	0.210211	434373978.0
MHW188-RG	Unknown Library	1347364.0	45722278.0	1070164.0	0.0	481180.0	9729714.0	8115041.0	0.214896	425326211.0
MHW189-RG	Unknown Library	1544283.0	49347625.0	1144939.0	0.0	573107.0	11235651.0	9511680.0	0.229893	446869589.0
MHW190-RG	Unknown Library	1011323.0	41203669.0	1021825.0	0.0	342399.0	7300010.0	5827295.0	0.179126	413015576.0
MHW191-RG	Unknown Library	1352050.0	43302502.0	1028845.0	0.0	467644.0	8897277.0	7473151.0	0.207626	438688406.0
MHW192-RG	Unknown Library	788910.0	33955523.0	854342.0	0.0	242043.0	5539575.0	4275358.0	0.164792	338437024.0
MHW193-RG	Unknown Library	1141689.0	43449614.0	1032194.0	0.0	389884.0	8323123.0	6857182.0	0.193502	444424604.0
MHW194-RG	Unknown Library	1077570.0	41022379.0	925279.0	0.0	345392.0	6557807.0	5165489.0	0.161942	449686706.0
MHW195-RG	Unknown Library	1174632.0	43674811.0	1045201.0	0.0	394549.0	7540605.0	5842365.0	0.174819	408697602.0
MHW196-RG	Unknown Library	975462.0	27164531.0	1803423.0	0.0	226791.0	1797824.0	590434.0	0.069116	283515023.0
MHW197-RG	Unknown Library	1089031.0	32607576.0	11056857.0	0.0	289262.0	2026665.0	888661.0	0.065495	431403881.0
MHW198-RG	Unknown Library	742559.0	33866812.0	2380939.0	0.0	328223.0	3693623.0	543555.0	0.112674	164964249.0
MHW199-RG	Unknown Library	831046.0	34804743.0	5518368.0	0.0	245205.0	2572763.0	1284960.0	0.076529	424991162.0
MHW200-RG	Unknown Library	2014740.0	34747648.0	7630241.0	0.0	693410.0	4302475.0	3424726.0	0.130029	548396765.0
MHW201-RG	Unknown Library	601523.0	32088056.0	2931550.0	0.0	176214.0	2418598.0	1014799.0	0.077394	333467431.0
MHW202-RG	Unknown Library	799092.0	40415657.0	8972612.0	0.0	269235.0	2986302.0	944217.0	0.076465	368197690.0
MHW203-RG	Unknown Library	1257683.0	30141041.0	16222107.0	0.0	379908.0	2212821.0	1486641.0	0.078089	555745870.0
MHW204-RG	Unknown Library	975145.0	29671540.0	6558102.0	0.0	273739.0	2026366.0	727975.0	0.071727	312881345.0
MHW205-RG	Unknown Library	564540.0	29060726.0	1228175.0	0.0	178497.0	2693506.0	666956.0	0.094835	189329323.0
MHW206-RG	Unknown Library	361025.0	18114874.0	528256.0	0.0	115158.0	2100682.0	305853.0	0.117967	82312361.0
MHW207-RG	Unknown Library	450146.0	28543994.0	609056.0	0.0	161616.0	2666072.0	587002.0	0.09548	178527749.0
MHW208-RG	Unknown Library	1407568.0	38285180.0	2282449.0	0.0	421942.0	4210721.0	2973076.0	0.113409	491916234.0
MHW209-RG	Unknown Library	1725487.0	33434963.0	3289604.0	0.0	568019.0	4553834.0	3635476.0	0.141054	473491680.0
MHW210-RG	Unknown Library	1554609.0	38170357.0	1420879.0	0.0	465503.0	5338743.0	4117555.0	0.143051	463360730.0
MHW211-RG	Unknown Library	1943519.0	34901044.0	2587879.0	0.0	594745.0	4699112.0	3776348.0	0.139283	514488752.0
MHW212-RG	Unknown Library	1826613.0	32359199.0	4580330.0	0.0	595461.0	3745905.0	2849555.0	0.121531	475871234.0
MHW213-RG	Unknown Library	1673678.0	36227753.0	3405545.0	0.0	530694.0	4108937.0	2862126.0	0.118018	435252437.0
MHW214-RG	Unknown Library	1286286.0	37273428.0	1026673.0	0.0	361720.0	4683819.0	3465824.0	0.1283	457856701.0
MHW215-RG	Unknown Library	1950409.0	44517800.0	1789585.0	0.0	619607.0	6451165.0	5172430.0	0.148616	592121003.0
MHW216-RG	Unknown Library	1817887.0	35474622.0	2675788.0	0.0	593039.0	5116456.0	4289311.0	0.148775	577438050.0
MHW217-RG	Unknown Library	2369987.0	44009365.0	3235518.0	0.0	842580.0	6876007.0	5890619.0	0.161465	724530959.0
MHW218-RG	Unknown Library	1397765.0	35102425.0	1363146.0	0.0	406251.0	4756568.0	3878289.0	0.138534	544574853.0
MHW219-RG	Unknown Library	1483500.0	45310402.0	979907.0	0.0	514983.0	9530394.0	8024621.0	0.212539	449119049.0
MHW220-RG	Unknown Library	1278657.0	44976230.0	986757.0	0.0	435752.0	8299514.0	6780962.0	0.186721	467533883.0
MHW221-RG	Unknown Library	1229827.0	41362542.0	959923.0	0.0	405857.0	7561658.0	6199863.0	0.18497	442166649.0
MHW222-RG	Unknown Library	1372457.0	45833261.0	1081721.0	0.0	472539.0	8213883.0	6573987.0	0.181648	456755852.0
MHW223-RG	Unknown Library	1162130.0	37633326.0	937478.0	0.0	374396.0	6800216.0	5490182.0	0.182848	383545140.0
MHW224-RG	Unknown Library	1510923.0	46068420.0	1130889.0	0.0	531010.0	9284845.0	7802451.0	0.203963	481052341.0
MHW225-RG	Unknown Library	1620301.0	52710891.0	1085760.0	0.0	576458.0	10735090.0	9040077.0	0.205962	547920748.0
MHW226-RG	Unknown Library	1656312.0	51502449.0	1134112.0	0.0	614101.0	11368189.0	9675308.0	0.223105	502687031.0
MHW227-RG	Unknown Library	1520306.0	52388712.0	1263041.0	0.0	572714.0	10881926.0	8855477.0	0.210132	452975293.0
MHW228-RG	Unknown Library	1407591.0	51762956.0	1179584.0	0.0	523840.0	10263009.0	8299520.0	0.200602	466449759.0
MHW229-RG	Unknown Library	1334156.0	49724802.0	1184687.0	0.0	484051.0	8815110.0	7164996.0	0.179734	534571884.0
MHW230-RG	Unknown Library	1522676.0	50227996.0	1192867.0	0.0	556881.0	9948556.0	8175405.0	0.200571	484547731.0
MHW231-RG	Unknown Library	1118933.0	43391901.0	1037369.0	0.0	374918.0	7521480.0	6032849.0	0.175397	456248482.0
MHW232-RG	Unknown Library	1285854.0	48368559.0	1079157.0	0.0	447077.0	8753102.0	7215082.0	0.183154	536775816.0
MHW233-RG	Unknown Library	1272385.0	44686047.0	1070614.0	0.0	415500.0	7435919.0	5800989.0	0.168652	449365105.0
MHW234-RG	Unknown Library	1425505.0	49729259.0	1194049.0	0.0	491295.0	8062233.0	6452066.0	0.164702	567073424.0
MHW235-RG	Unknown Library	1355852.0	43275527.0	1100298.0	0.0	458750.0	8164018.0	6606181.0	0.190961	419261371.0
MHW236-RG	Unknown Library	1295760.0	48937307.0	1319871.0	0.0	436974.0	8574874.0	6551362.0	0.177338	429679298.0
MHW237-RG	Unknown Library	1279752.0	44982157.0	1042479.0	0.0	426682.0	7767115.0	6094152.0	0.174925	438917800.0
MHW238-RG	Unknown Library	1385247.0	45495270.0	1165514.0	0.0	462208.0	7999498.0	6432659.0	0.178198	473822004.0
MHW239-RG	Unknown Library	943299.0	33034393.0	865786.0	0.0	293454.0	5677559.0	4462574.0	0.173828	326357158.0
MHW240-RG	Unknown Library	1410254.0	43818466.0	973569.0	0.0	489141.0	8839619.0	7295760.0	0.204031	419742499.0
MHW241-RG	Unknown Library	1290037.0	43283067.0	1006289.0	0.0	442201.0	7930840.0	6380763.0	0.185575	426873194.0
MHW258-RG	Unknown Library	1020834.0	40173696.0	929948.0	0.0	350393.0	6482053.0	4805591.0	0.163633	361193263.0
MHW260-RG	Unknown Library	1285189.0	43709290.0	1059932.0	0.0	442826.0	7231255.0	5441722.0	0.168035	396301080.0
MHW263-RG	Unknown Library	1006467.0	39509808.0	887936.0	0.0	333544.0	5863665.0	4492138.0	0.150712	435283179.0
MHW265-RG	Unknown Library	983996.0	39926776.0	1091633.0	0.0	340400.0	5812237.0	4139410.0	0.148011	370781294.0
MHW267-RG	Unknown Library	1100002.0	38631056.0	964047.0	0.0	364309.0	6645454.0	5507455.0	0.174258	470956741.0
MHW268-RG	Unknown Library	1330788.0	47775186.0	1118277.0	0.0	492023.0	8965163.0	7069381.0	0.190154	423336324.0
MHW269-RG	Unknown Library	956737.0	37697282.0	971448.0	0.0	310981.0	5439276.0	4242707.0	0.146553	456454769.0
MHW270-RG	Unknown Library	969669.0	37922225.0	912199.0	0.0	313119.0	5181525.0	3750737.0	0.138987	396586753.0
MHW271-RG	Unknown Library	747663.0	33226115.0	785923.0	0.0	234605.0	4559018.0	3258251.0	0.139176	335145694.0
MHW272-RG	Unknown Library	880327.0	37713244.0	977777.0	0.0	294086.0	5305560.0	3904720.0	0.142913	396626218.0
MHW273-RG	Unknown Library	1278757.0	43100312.0	940440.0	0.0	461192.0	8315577.0	6867302.0	0.195387	441079656.0
MHW274-RG	Unknown Library	1164669.0	43434801.0	957340.0	0.0	398627.0	7673268.0	6265913.0	0.178853	478354214.0
MHW275-RG	Unknown Library	1178742.0	40915817.0	978770.0	0.0	416142.0	7577625.0	6026116.0	0.187584	380574474.0
MHW276-RG	Unknown Library	1038657.0	40678172.0	1037369.0	0.0	358764.0	6507974.0	4817330.0	0.162324	368278462.0
MHW277-RG	Unknown Library	1196005.0	42533403.0	921976.0	0.0	415407.0	7877794.0	6482777.0	0.187462	453721830.0
MHW278-RG	Unknown Library	1027600.0	39805861.0	885438.0	0.0	325700.0	6284064.0	5133119.0	0.159895	510643387.0
MHW279-RG	Unknown Library	883858.0	32935201.0	792209.0	0.0	276522.0	4912414.0	3805906.0	0.151321	373648041.0
MHW280-RG	Unknown Library	1105015.0	41793252.0	928221.0	0.0	379071.0	7519756.0	6079668.0	0.182056	430854720.0
MHW281-RG	Unknown Library	1308877.0	44761447.0	969665.0	0.0	480509.0	9230987.0	7535049.0	0.208545	396060472.0
MHW282-RG	Unknown Library	1141835.0	44725093.0	1050789.0	0.0	404450.0	7699204.0	5812705.0	0.17444	388240108.0
MHW283-RG	Unknown Library	1188006.0	43880024.0	1089127.0	0.0	433204.0	8417699.0	6739512.0	0.194143	398508762.0
MHW284-RG	Unknown Library	1055003.0	41706386.0	949272.0	0.0	368327.0	7445492.0	5843171.0	0.180652	389300372.0
MHW285-RG	Unknown Library	1142132.0	41434855.0	914366.0	0.0	401258.0	7773373.0	6213004.0	0.18983	385697960.0
MHW286-RG	Unknown Library	1307534.0	42914491.0	974036.0	0.0	473582.0	8541036.0	7186935.0	0.201473	459344546.0
MHW287-RG	Unknown Library	993475.0	36450836.0	808025.0	0.0	332166.0	6252282.0	4879055.0	0.173715	352330437.0
MHW288-RG	Unknown Library	1153439.0	42970537.0	1037709.0	0.0	406444.0	7395713.0	5936923.0	0.174499	457650119.0
MHW289-RG	Unknown Library	1757991.0	37138425.0	1173806.0	0.0	524044.0	5600453.0	4706025.0	0.154205	577146167.0
MHW290-RG	Unknown Library	1823312.0	39077117.0	1364349.0	0.0	568999.0	6101866.0	5097126.0	0.159704	563212927.0
MHW291-RG	Unknown Library	2111060.0	33203637.0	1360709.0	0.0	610542.0	5206770.0	4356633.0	0.160892	479757249.0
MHW292-RG	Unknown Library	1844452.0	45923239.0	1298923.0	0.0	556272.0	6847096.0	5647056.0	0.152101	662388875.0
MHW293-RG	Unknown Library	2139126.0	44688116.0	1577169.0	0.0	666387.0	6759777.0	5652477.0	0.155012	674987206.0
MHW294-RG	Unknown Library	2054406.0	47354338.0	1512038.0	0.0	679274.0	7186815.0	5917591.0	0.155565	662515185.0
MHW295-RG	Unknown Library	2044418.0	50065600.0	1472057.0	0.0	679255.0	8130622.0	6674534.0	0.165798	631975509.0
MHW296-RG	Unknown Library	2860030.0	54736922.0	2590668.0	0.0	1093924.0	8482733.0	7118224.0	0.160765	814949872.0
MHW297-RG	Unknown Library	2371792.0	47707499.0	4569496.0	0.0	824492.0	7233635.0	5458327.0	0.156379	488543604.0
MHW298-RG	Unknown Library	1893689.0	48017160.0	1357267.0	0.0	589062.0	6990407.0	5461815.0	0.148781	578089563.0
MHW299-RG	Unknown Library	2580122.0	43261437.0	1984676.0	0.0	841072.0	6502534.0	5271435.0	0.155395	573426361.0
MHW300-RG	Unknown Library	2323968.0	51573468.0	1883242.0	0.0	774589.0	8157349.0	6737203.0	0.162028	692750372.0
MHW301-RG	Unknown Library	2332365.0	50126693.0	1768800.0	0.0	740919.0	7713324.0	6332193.0	0.157601	679667128.0
MHW302-RG	Unknown Library	1800111.0	46932464.0	1268090.0	0.0	520365.0	6910745.0	5393707.0	0.149917	554764262.0
MHW303-RG	Unknown Library	1769610.0	50501795.0	1263999.0	0.0	531476.0	7527047.0	5917842.0	0.15165	602659589.0
MHW304-RG	Unknown Library	3123236.0	45657028.0	6264769.0	0.0	1164515.0	6251839.0	4694742.0	0.144733	525051545.0
MHW305-RG	Unknown Library	1841932.0	46911558.0	1181664.0	0.0	500006.0	6439442.0	4992948.0	0.139851	593334523.0
MHW306-RG	Unknown Library	1778357.0	46240540.0	1228195.0	0.0	511832.0	6640162.0	5161599.0	0.146321	556871720.0
MHW307-RG	Unknown Library	2347210.0	53115215.0	1539339.0	0.0	701970.0	7551340.0	5571253.0	0.145561	554829647.0
MHW308-RG	Unknown Library	1634671.0	40102374.0	1207023.0	0.0	479648.0	5876694.0	4933037.0	0.149476	643590142.0
MHW309-RG	Unknown Library	1967772.0	43557183.0	1419506.0	0.0	605483.0	6797596.0	5663332.0	0.159411	620289563.0
MHW310-RG	Unknown Library	1745822.0	43295684.0	1142915.0	0.0	506004.0	6624792.0	5223288.0	0.155717	504355423.0
MHW311-RG	Unknown Library	1039484.0	35064535.0	966758.0	0.0	426000.0	8340261.0	3655863.0	0.240366	94544029.0
MHW312-RG	Unknown Library	1895432.0	54792695.0	1099262.0	0.0	676946.0	12238576.0	10330257.0	0.225636	503041826.0
MHW313-RG	Unknown Library	1492607.0	44376502.0	981220.0	0.0	506725.0	9343073.0	8052573.0	0.212674	499026926.0
MHW314-RG	Unknown Library	1477704.0	44008275.0	991955.0	0.0	519737.0	9580480.0	8108162.0	0.21991	425632998.0
MHW315-RG	Unknown Library	1273450.0	41319600.0	898745.0	0.0	392270.0	7510015.0	6230640.0	0.183671	469417357.0
MHW316-RG	Unknown Library	1231195.0	40061361.0	784564.0	0.0	391914.0	7938808.0	6681889.0	0.199985	432024578.0
MHW317-RG	Unknown Library	1253035.0	38591109.0	854675.0	0.0	406116.0	7481439.0	6259363.0	0.195945	416844448.0
MHW318-RG	Unknown Library	1283561.0	41531675.0	841346.0	0.0	413198.0	8463105.0	7067283.0	0.205573	413914617.0
MHW319-RG	Unknown Library	1360365.0	48065857.0	1008619.0	0.0	457268.0	10022567.0	8273450.0	0.210298	439274919.0
MHW320-RG	Unknown Library	1823010.0	54613123.0	1110687.0	0.0	668266.0	13181138.0	11264666.0	0.24341	475688307.0
MHW321-RG	Unknown Library	2916984.0	83256753.0	1880005.0	0.0	1219253.0	20410653.0	17366264.0	0.248129	690905414.0
MHW322-RG	Unknown Library	1355704.0	49294363.0	1168401.0	0.0	502725.0	9951720.0	8016827.0	0.204175	426422336.0
MHW323-RG	Unknown Library	1684666.0	52916371.0	1140953.0	0.0	598186.0	11401246.0	9610727.0	0.217645	509160040.0
MHW324-RG	Unknown Library	1774509.0	49960880.0	1078051.0	0.0	640406.0	11429164.0	9840003.0	0.231068	492993595.0
MHW325-RG	Unknown Library	1633670.0	48190604.0	1010012.0	0.0	573717.0	11202096.0	9574506.0	0.234433	445137010.0
MHW326-RG	Unknown Library	1494710.0	42309965.0	925903.0	0.0	556736.0	11279901.0	10074814.0	0.268439	420319387.0
MHW327-RG	Unknown Library	1436306.0	42661373.0	969800.0	0.0	541449.0	10694900.0	9365195.0	0.252783	405698500.0
MHW328-RG	Unknown Library	1682923.0	43321841.0	3888186.0	0.0	683912.0	10946056.0	9510030.0	0.255597	386704116.0
MHW329-RG	Unknown Library	1606222.0	50195516.0	1078645.0	0.0	623246.0	12736730.0	11055722.0	0.255857	442514021.0
MHW330-RG	Unknown Library	1361348.0	43711329.0	1020293.0	0.0	497145.0	10128198.0	8668936.0	0.233753	408986394.0
MHW331-RG	Unknown Library	1191567.0	42101755.0	990661.0	0.0	418080.0	8376994.0	7017064.0	0.20109	440801073.0
MHW332-RG	Unknown Library	1622323.0	41650473.0	870983.0	0.0	613907.0	11371010.0	10231062.0	0.275024	422455442.0
MHW333-RG	Unknown Library	1333041.0	40380956.0	836599.0	0.0	469584.0	10086591.0	8885088.0	0.25145	402245228.0
MHW334-RG	Unknown Library	1523004.0	44971375.0	1003731.0	0.0	559727.0	10416251.0	9163755.0	0.233882	499845407.0
MHW335-RG	Unknown Library	2022329.0	41137542.0	4930903.0	0.0	710100.0	5647547.0	4247510.0	0.142415	473637676.0
MHW336-RG	Unknown Library	1832075.0	44410865.0	1639743.0	0.0	568897.0	6613192.0	5379643.0	0.152175	604421209.0
MHW337-RG	Unknown Library	1441814.0	37744952.0	1137944.0	0.0	396794.0	4957287.0	4026017.0	0.134033	599146584.0
MHW338-RG	Unknown Library	1872403.0	42944885.0	1451930.0	0.0	525959.0	5452618.0	4436560.0	0.130252	716834217.0
MHW339-RG	Unknown Library	1475237.0	41106678.0	1345515.0	0.0	400322.0	4822267.0	3610645.0	0.120027	567627179.0
MHW340-RG	Unknown Library	2423443.0	43935862.0	3576867.0	0.0	809672.0	6137907.0	5026903.0	0.144919	668291536.0
MHW341-RG	Unknown Library	1769680.0	46393893.0	1543048.0	0.0	520970.0	5778118.0	4515714.0	0.127723	680589221.0
MHW342-RG	Unknown Library	2041816.0	48764398.0	1587152.0	0.0	621288.0	6450810.0	5035670.0	0.135812	660966535.0
MHW343-RG	Unknown Library	2369940.0	47322450.0	4862873.0	0.0	800764.0	5965809.0	4733670.0	0.131242	721772994.0
MHW344-RG	Unknown Library	1907160.0	52033089.0	2033622.0	0.0	617413.0	6577919.0	4907956.0	0.129969	649115423.0
MHW345-RG	Unknown Library	1465156.0	46156830.0	1044036.0	0.0	512907.0	9050189.0	7576896.0	0.198481	492187249.0
MHW347-RG	Unknown Library	1130567.0	40666767.0	909829.0	0.0	364978.0	7400314.0	6108384.0	0.183906	450615712.0
MHW348-RG	Unknown Library	1287272.0	40295977.0	923783.0	0.0	446198.0	8415268.0	7128412.0	0.211003	416303328.0
MHW349-RG	Unknown Library	1070642.0	36227471.0	829449.0	0.0	351775.0	7268930.0	6098633.0	0.20251	377718222.0
MHW350-RG	Unknown Library	1013733.0	38861161.0	900689.0	0.0	326153.0	6968910.0	5600044.0	0.181162	392929499.0
MHW351-RG	Unknown Library	1289798.0	41930153.0	900890.0	0.0	450446.0	9213372.0	7820650.0	0.221693	406243246.0
MHW352-RG	Unknown Library	1220616.0	42020977.0	933814.0	0.0	417601.0	8328461.0	6887603.0	0.200258	416546936.0
MHW353-RG	Unknown Library	1117154.0	37299606.0	817871.0	0.0	365683.0	7111756.0	5981765.0	0.192682	423485632.0
MHW407-RG	Unknown Library	1307298.0	42552908.0	913665.0	0.0	429283.0	8393136.0	7109288.0	0.199224	477364643.0
MHW410-RG	Unknown Library	1279855.0	43425476.0	905044.0	0.0	419442.0	8985813.0	7608401.0	0.208679	453661542.0
MHW419-RG	Unknown Library	1291751.0	42068010.0	926317.0	0.0	441473.0	8603145.0	7397945.0	0.206581	487053066.0
MHW420-RG	Unknown Library	989525.0	36107983.0	811196.0	0.0	317939.0	7024710.0	5773879.0	0.196261	357636190.0
MHW421-RG	Unknown Library	1067263.0	35070844.0	877972.0	0.0	363829.0	7205604.0	6047788.0	0.207488	354021423.0
MHW422-RG	Unknown Library	1116667.0	39006499.0	917450.0	0.0	383350.0	8051085.0	6717126.0	0.208336	379954061.0
MHW424-RG	Unknown Library	923074.0	32823661.0	779512.0	0.0	293293.0	6260187.0	5237127.0	0.192483	362678183.0
MHW425-RG	Unknown Library	1007222.0	34025923.0	821174.0	0.0	323630.0	6656473.0	5518795.0	0.197462	347588729.0
MHW426-RG	Unknown Library	1076369.0	34511621.0	849241.0	0.0	358419.0	7315525.0	6248266.0	0.213831	364756124.0
MHW427-RG	Unknown Library	976446.0	35732527.0	868482.0	0.0	316650.0	6802917.0	5752452.0	0.192189	417760037.0
MHW429-RG	Unknown Library	1253716.0	43582669.0	1066231.0	0.0	417140.0	8037531.0	6621469.0	0.186523	469968804.0
MHW431-RG	Unknown Library	1039766.0	37898780.0	908653.0	0.0	341872.0	6847309.0	5651079.0	0.182678	423846119.0
MHW432-RG	Unknown Library	1182103.0	40987667.0	968316.0	0.0	392773.0	7912270.0	6688986.0	0.195019	469334454.0
