Sample	Picard_mqc-generalstats-picard-PERCENT_DUPLICATION	Samtools_mqc-generalstats-samtools-error_rate	Samtools_mqc-generalstats-samtools-non_primary_alignments	Samtools_mqc-generalstats-samtools-reads_mapped	Samtools_mqc-generalstats-samtools-reads_mapped_percent	Samtools_mqc-generalstats-samtools-reads_properly_paired_percent	Samtools_mqc-generalstats-samtools-reads_MQ0_percent	Samtools_mqc-generalstats-samtools-raw_total_sequences	Samtools_mqc-generalstats-samtools-flagstat_total	Samtools_mqc-generalstats-samtools-mapped_passed	Samtools_mqc-generalstats-samtools-mapped_passed_pct
MHW001-RG	0.115825	0.009579147	192662.0	21056180.0	100.0	96.22443387167094	29.930348239804182	21056180.0	21248842	21248842	100.0
MHW002-RG	0.099152	0.009267225	239993.0	26214009.0	100.0	96.44588128431634	28.695095816896988	26214009.0	26454002	26454002	100.0
MHW003-RG	0.124713	0.007541431	785391.0	63141273.0	100.0	94.43569184929167	15.376625365155371	63141273.0	63926664	63926664	100.0
MHW004-RG	0.102302	0.007036177	1121276.0	61563875.0	100.0	94.46821857785918	18.258319509615013	61563875.0	62685151	62685151	100.0
MHW005-RG	0.137375	0.008112884	310861.0	29550366.0	100.0	96.47738373189692	23.36642801649225	29550366.0	29861227	29861227	100.0
MHW006-RG	0.094974	0.01017143	395312.0	26129365.0	100.0	94.29675003583134	30.054388998737625	26129365.0	26524677	26524677	100.0
MHW007-RG	0.102294	0.00757216	927217.0	51466069.0	100.0	92.91827592272493	17.2206915589376	51466069.0	52393286	52393286	100.0
MHW008-RG	0.106894	0.007426447	1044511.0	50804555.0	100.0	90.63586522901342	17.682245223878056	50804555.0	51849066	51849066	100.0
MHW009-RG	0.132137	0.007378705	2218780.0	73240261.0	100.0	88.01238433598701	16.753144831092285	73240261.0	75459041	75459041	100.0
MHW010-RG	0.138664	0.007354307	6039687.0	79829421.0	100.0	75.20361697224386	17.6360517508952	79829421.0	85869108	85869108	100.0
MHW011-RG	0.125799	0.007568139	4727806.0	73461760.0	100.0	81.94849674170615	17.965139958530806	73461760.0	78189566	78189566	100.0
MHW012-RG	0.120112	0.007313489	7146860.0	88807208.0	100.0	81.07277283168276	19.981559379729628	88807208.0	95954068	95954068	100.0
MHW013-RG	0.148303	0.007579357	5600342.0	83265403.0	100.0	70.32784312591389	17.64419851543864	83265403.0	88865745	88865745	100.0
MHW014-RG	0.113527	0.006957061	12702632.0	72445098.0	100.0	65.01128068044024	20.45025047795504	72445098.0	85147730	85147730	100.0
MHW015-RG	0.125797	0.06887028	5743316.0	63880929.0	100.0	75.38099829449881	16.030922155186566	63880929.0	69624245	69624245	100.0
MHW016-RG	0.126653	0.007397698	4522234.0	81671547.0	100.0	80.0237639676398	17.739060336398428	81671547.0	86193781	86193781	100.0
MHW017-RG	0.116984	0.006683617	16196508.0	78864118.0	100.0	64.39575980549228	21.515784909938382	78864118.0	95060626	95060626	100.0
MHW018-RG	0.161953	0.01328358	816692.0	71474474.0	100.0	96.11245267786092	43.12758985816391	71474474.0	72291166	72291166	100.0
MHW019-RG	0.098826	0.01015914	903138.0	57443586.0	100.0	96.4286386995408	32.93998219400857	57443586.0	58346724	58346724	100.0
MHW020-RG	0.13044	0.01182272	728859.0	59744332.0	100.0	96.48840328485052	42.387825174779756	59744332.0	60473191	60473191	100.0
MHW021-RG	0.094462	0.01091803	1049279.0	60151744.0	100.0	95.76430236170708	37.59216191636938	60151744.0	61201023	61201023	100.0
MHW022-RG	0.118311	0.01192269	743046.0	52168893.0	100.0	95.60112000076367	39.84491102772681	52168893.0	52911939	52911939	100.0
MHW023-RG	0.067392	0.01082099	2059021.0	49281699.0	100.0	93.51771739850122	33.061185654333876	49281699.0	51340720	51340720	100.0
MHW024-RG	0.20228	0.01175244	1019986.0	101915539.0	100.0	95.72813621679418	46.79947186463881	101915539.0	102935525	102935525	100.0
MHW025-RG	0.172668	0.01129934	1061434.0	101094922.0	100.0	96.05606501185095	41.97329713553763	101094922.0	102156356	102156356	100.0
MHW026-RG	0.132018	0.01147172	889884.0	77455631.0	100.0	95.6148662709881	41.8966117518299	77455631.0	78345515	78345515	100.0
MHW027-RG	0.166613	0.009613247	961443.0	109024570.0	100.0	96.8815286315736	38.7110400894037	109024570.0	109986013	109986013	100.0
MHW028-RG	0.142735	0.01133637	729836.0	71003696.0	100.0	95.89911206875766	40.41643409661379	71003696.0	71733532	71733532	100.0
MHW029-RG	0.162728	0.01012502	776811.0	88175929.0	100.0	96.25904366712145	41.18693209345149	88175929.0	88952740	88952740	100.0
MHW030-RG	0.122855	0.01150575	473119.0	42559282.0	100.0	95.42059473653714	40.537796196843736	42559282.0	43032401	43032401	100.0
MHW031-RG	0.196	0.01171195	1045635.0	88563082.0	100.0	95.39003622299414	48.16239344516037	88563082.0	89608717	89608717	100.0
MHW032-RG	0.144893	0.007525229	1980931.0	79653980.0	100.0	86.49484181455843	15.84207844981506	79653980.0	81634911	81634911	100.0
MHW033-RG	0.13235	0.007602538	1438802.0	77183773.0	100.0	90.75997878465982	16.106924443820596	77183773.0	78622575	78622575	100.0
MHW034-RG	0.128589	0.007630707	2406482.0	78268101.0	100.0	87.27106078630935	16.32359778346992	78268101.0	80674583	80674583	100.0
MHW035-RG	0.145167	0.007494615	1976000.0	85469519.0	100.0	88.71960774694426	15.87437154057226	85469519.0	87445519	87445519	100.0
MHW036-RG	0.144051	0.03194765	3968866.0	76605501.0	100.0	83.81650033200619	18.045418174342338	76605501.0	80574367	80574367	100.0
MHW037-RG	0.130633	0.007461613	1550367.0	75830417.0	100.0	89.75813755580428	15.707959248067963	75830417.0	77380784	77380784	100.0
MHW038-RG	0.128266	0.007607316	2277597.0	81664029.0	100.0	87.98164734194047	16.352450599761617	81664029.0	83941626	83941626	100.0
MHW039-RG	0.246098	0.007238036	1133693.0	107287095.0	100.0	94.19408923319249	14.797869212508735	107287095.0	108420788	108420788	100.0
MHW040-RG	0.202142	0.007277672	1150258.0	106051510.0	100.0	95.23272417337574	15.98184976338385	106051510.0	107201768	107201768	100.0
MHW041-RG	0.206476	0.007417103	1079038.0	93137937.0	100.0	95.05047551139124	15.969762138923047	93137937.0	94216975	94216975	100.0
MHW042-RG	0.234003	0.007111356	1038725.0	102869668.0	100.0	95.01100557649316	14.681767029713754	102869668.0	103908393	103908393	100.0
MHW043-RG	0.227168	0.007241852	1058481.0	101133571.0	100.0	94.82767497649223	14.956024839664764	101133571.0	102192052	102192052	100.0
MHW044-RG	0.180528	0.007443166	1142347.0	95152177.0	100.0	95.21533910884666	16.0576010783232	95152177.0	96294524	96294524	100.0
MHW045-RG	0.178863	0.007297258	924774.0	83630051.0	100.0	95.53254248284507	15.637455488338755	83630051.0	84554825	84554825	100.0
MHW046-RG	0.22044	0.007266521	1098682.0	100651726.0	100.0	94.79681451264929	15.431859558970704	100651726.0	101750408	101750408	100.0
MHW047-RG	0.128114	0.007566958	1670419.0	97608921.0	100.0	92.97541154050867	16.698243186194016	97608921.0	99279340	99279340	100.0
MHW048-RG	0.118407	0.007617605	1527027.0	91077396.0	100.0	93.31611325383085	16.503274863062618	91077396.0	92604423	92604423	100.0
MHW049-RG	0.127737	0.007551732	1252709.0	83071503.0	100.0	93.84291265321153	16.3166687859253	83071503.0	84324212	84324212	100.0
MHW050-RG	0.131525	0.007467506	1508477.0	80812795.0	100.0	91.9614622907177	16.34009193717406	80812795.0	82321272	82321272	100.0
MHW051-RG	0.132508	0.007393473	2628420.0	95842641.0	100.0	85.81831754824036	16.688310999276407	95842641.0	98471061	98471061	100.0
MHW052-RG	0.143144	0.007386224	1513943.0	91005225.0	100.0	91.60373813701355	15.480833106011222	91005225.0	92519168	92519168	100.0
MHW053-RG	0.131128	0.007571068	1525916.0	92792865.0	100.0	92.5865108270986	16.633087037457027	92792865.0	94318781	94318781	100.0
MHW054-RG	0.150028	0.00746688	1306435.0	99014019.0	100.0	93.99596636916637	15.420188125077521	99014019.0	100320454	100320454	100.0
MHW055-RG	0.115628	0.00741503	1153016.0	88737034.0	100.0	94.50589705308383	16.540947266729695	88737034.0	89890050	89890050	100.0
MHW056-RG	0.130865	0.007385273	1636338.0	97958843.0	100.0	90.84308805076434	15.772324914045791	97958843.0	99595181	99595181	100.0
MHW057-RG	0.123238	0.007329595	1329987.0	91469720.0	100.0	92.69031543990732	15.56899157447951	91469720.0	92799707	92799707	100.0
MHW058-RG	0.130583	0.00733746	1881924.0	93356478.0	100.0	88.50050020096089	16.58242077212896	93356478.0	95238402	95238402	100.0
MHW059-RG	0.125707	0.007454609	2685716.0	97904099.0	100.0	85.31436053560945	16.367605813930222	97904099.0	100589815	100589815	100.0
MHW060-RG	0.131703	0.007473897	1341694.0	96100838.0	100.0	93.01312232053586	15.259825309743919	96100838.0	97442532	97442532	100.0
MHW061-RG	0.130865	0.007400375	2094601.0	95213619.0	100.0	87.1872919776319	16.454162928099603	95213619.0	97308220	97308220	100.0
MHW062-RG	0.127488	0.007370177	1785996.0	102064703.0	100.0	90.76038363625082	16.28594951185034	102064703.0	103850699	103850699	100.0
MHW063-RG	0.128811	0.007541615	1683516.0	94052039.0	100.0	90.28484751936107	15.90622931630435	94052039.0	95735555	95735555	100.0
MHW064-RG	0.118473	0.00749502	1414639.0	94518648.0	100.0	92.50679294523975	16.010736844225704	94518648.0	95933287	95933287	100.0
MHW065-RG	0.127809	0.007461702	1283784.0	100066435.0	100.0	93.92937402036956	15.489670437444882	100066435.0	101350219	101350219	100.0
MHW066-RG	0.134732	0.007449035	1990119.0	93913222.0	100.0	87.86121724159352	16.04008751824104	93913222.0	95903341	95903341	100.0
MHW067-RG	0.1495	0.007448069	2037294.0	86107996.0	100.0	84.79698447516999	16.041252429100776	86107996.0	88145290	88145290	100.0
MHW068-RG	0.135281	0.00757803	1390846.0	84013400.0	100.0	91.26590758140964	16.099782891776787	84013400.0	85404246	85404246	100.0
MHW069-RG	0.137057	0.00763761	1347945.0	72620549.0	100.0	89.37118886281071	16.061338230863555	72620549.0	73968494	73968494	100.0
MHW070-RG	0.123725	0.007720626	1440976.0	66708199.0	100.0	88.67029973332063	16.99488094409504	66708199.0	68149175	68149175	100.0
MHW071-RG	0.132247	0.06933754	4291441.0	64213242.0	100.0	83.33496072352179	15.495073430492731	64213242.0	68504683	68504683	100.0
MHW072-RG	0.149423	0.007411311	2203508.0	72997853.0	100.0	80.49993196375242	16.475063999485027	72997853.0	75201361	75201361	100.0
MHW073-RG	0.138029	0.007410165	993717.0	64743530.0	100.0	92.28527699987937	15.691299192367175	64743530.0	65737247	65737247	100.0
MHW074-RG	0.154694	0.007393775	1679464.0	88165831.0	100.0	89.0335735620753	15.531708650259304	88165831.0	89845295	89845295	100.0
MHW075-RG	0.152909	0.007325933	996592.0	67047762.0	100.0	91.99251721481771	15.640138741692825	67047762.0	68044354	68044354	100.0
MHW076-RG	0.144543	0.007348584	1418193.0	78681106.0	100.0	90.79708666016973	16.064793242738606	78681106.0	80099299	80099299	100.0
MHW077-RG	0.125724	0.007451585	983838.0	66926769.0	100.0	92.91070961456394	16.055137817873742	66926769.0	67910607	67910607	100.0
MHW078-RG	0.129019	0.007261999	1012684.0	65565255.0	100.0	91.72865719808456	16.280107505110745	65565255.0	66577939	66577939	100.0
MHW079-RG	0.151003	0.00739195	1741886.0	78462730.0	100.0	86.63211947889144	16.456731750220772	78462730.0	80204616	80204616	100.0
MHW080-RG	0.151172	0.007412078	1542593.0	67022931.0	100.0	87.21773746361525	16.345699653153037	67022931.0	68565524	68565524	100.0
MHW081-RG	0.11988	0.007283748	1952062.0	67095112.0	100.0	86.88904193199647	16.32746659697058	67095112.0	69047174	69047174	100.0
MHW082-RG	0.139022	0.007519477	1640343.0	73132557.0	100.0	87.9347402005922	15.654465630129682	73132557.0	74772900	74772900	100.0
MHW083-RG	0.133644	0.007303659	1505099.0	73300855.0	100.0	90.15233451233277	15.655042495752609	73300855.0	74805954	74805954	100.0
MHW084-RG	0.142432	0.007353716	1910824.0	78406096.0	100.0	86.83527107382059	16.24613473931925	78406096.0	80316920	80316920	100.0
MHW085-RG	0.116524	0.007623765	1087346.0	65545010.0	100.0	92.71637612077564	16.610501699519155	65545010.0	66632356	66632356	100.0
MHW086-RG	0.123745	0.007336955	1802323.0	69879935.0	100.0	85.03319872864793	16.534279832973514	69879935.0	71682258	71682258	100.0
MHW087-RG	0.127543	0.007404034	2853397.0	84490728.0	100.0	84.16983222111661	16.68522965028778	84490728.0	87344125	87344125	100.0
MHW088-RG	0.148446	0.007136902	2978646.0	75481447.0	100.0	78.26668717678399	16.41618767589339	75481447.0	78460093	78460093	100.0
MHW089-RG	0.129478	0.007532333	4303552.0	73306024.0	100.0	76.42783899997086	17.295893718093343	73306024.0	77609576	77609576	100.0
MHW090-RG	0.130553	0.007545401	2775418.0	66352949.0	100.0	82.41523673650134	16.433161094316997	66352949.0	69128367	69128367	100.0
MHW091-RG	0.128675	0.007771983	895335.0	66066779.0	100.0	95.57364677941995	19.341849554978303	66066779.0	66962114	66962114	100.0
MHW092-RG	0.130776	0.007999479	1075270.0	67372368.0	100.0	94.84069789561204	21.100469557489802	67372368.0	68447638	68447638	100.0
MHW093-RG	0.121465	0.008523086	1348084.0	77376217.0	100.0	94.79491611744213	24.2059662854802	77376217.0	78724301	78724301	100.0
MHW094-RG	0.130204	0.008471836	1462545.0	82518019.0	100.0	94.16106317336582	24.17228169280215	82518019.0	83980564	83980564	100.0
MHW095-RG	0.131278	0.008127378	1367168.0	82756753.0	100.0	94.96284853031874	22.09331968353084	82756753.0	84123921	84123921	100.0
MHW096-RG	0.149904	0.007780507	1391357.0	98450525.0	100.0	95.45469056665772	19.28338624908298	98450525.0	99841882	99841882	100.0
MHW097-RG	0.098477	0.008923165	3878437.0	66117030.0	100.0	85.78542926081224	29.903332015972282	66117030.0	69995467	69995467	100.0
MHW098-RG	0.076452	0.008091507	9547393.0	59467281.0	100.0	74.76768947953077	25.949730239053643	59467281.0	69014674	69014674	100.0
MHW099-RG	0.075945	0.008130576	6462474.0	63711287.0	100.0	79.88957749354522	23.4898127234504	63711287.0	70173761	70173761	100.0
MHW100-RG	0.082375	0.008401445	8616598.0	68293491.0	100.0	78.85180155748664	24.270809351362637	68293491.0	76910089	76910089	100.0
MHW101-RG	0.079719	0.007918004	9567237.0	66526526.0	100.0	72.24182726751732	22.510934961491902	66526526.0	76093763	76093763	100.0
MHW102-RG	0.089379	0.007961094	10894301.0	73740522.0	100.0	74.23969686572059	23.444987275788474	73740522.0	84634823	84634823	100.0
MHW103-RG	0.101876	0.007535541	7404366.0	63977797.0	100.0	69.55076930829613	19.763701772976024	63977797.0	71382163	71382163	100.0
MHW104-RG	0.080246	0.007889987	5101664.0	61721221.0	100.0	81.49944408909214	21.73938036643831	61721221.0	66822885	66822885	100.0
MHW105-RG	0.090737	0.007771752	2908222.0	65225351.0	100.0	86.82799115944965	20.618159647772536	65225351.0	68133573	68133573	100.0
MHW106-RG	0.115388	0.007278128	10493698.0	65413448.0	100.0	56.99600180073063	21.168356696317247	65413448.0	75907146	75907146	100.0
MHW107-RG	0.102997	0.007598741	2301272.0	64595136.0	100.0	88.58148390615665	19.0417077223895	64595136.0	66896408	66896408	100.0
MHW108-RG	0.087954	0.00785043	4967010.0	69386975.0	100.0	83.64501550903466	20.806537538205117	69386975.0	74353985	74353985	100.0
MHW109-RG	0.09313	0.0078743	3943261.0	65383932.0	100.0	84.23464957720806	20.935330105261947	65383932.0	69327193	69327193	100.0
MHW110-RG	0.097069	0.008330013	4637453.0	74744197.0	100.0	87.26560270625424	23.54505059436253	74744197.0	79381650	79381650	100.0
MHW111-RG	0.111811	0.007582983	2230298.0	69564799.0	100.0	87.80671672752192	18.60203750462932	69564799.0	71795097	71795097	100.0
MHW112-RG	0.093427	0.007843548	2863153.0	57178392.0	100.0	85.02072251349776	21.6284326428767	57178392.0	60041545	60041545	100.0
MHW113-RG	0.097499	0.008303685	2788496.0	62818464.0	100.0	88.38340587251544	24.353341399751514	62818464.0	65606960	65606960	100.0
MHW114-RG	0.096372	0.007619865	15044823.0	64624271.0	100.0	61.17278754293414	24.65050321418713	64624271.0	79669094	79669094	100.0
MHW115-RG	0.106703	0.007786066	2282816.0	97762025.0	100.0	92.99857894719345	19.686801700353488	97762025.0	100044841	100044841	100.0
MHW116-RG	0.097625	0.007858352	1450284.0	69066980.0	100.0	92.61235687444275	18.969304868983702	69066980.0	70517264	70517264	100.0
MHW117-RG	0.093925	0.008105139	2232040.0	74944950.0	100.0	91.22521263941066	20.333081815385825	74944950.0	77176990	77176990	100.0
MHW118-RG	0.092868	0.008188001	2838068.0	68048346.0	100.0	88.60949831168563	19.3344008684649	68048346.0	70886414	70886414	100.0
MHW119-RG	0.116167	0.007992552	2159944.0	79649138.0	100.0	90.49538991872078	19.52354085740388	79649138.0	81809082	81809082	100.0
MHW120-RG	0.129838	0.008380651	1310247.0	81149645.0	100.0	94.68932612089677	22.82945908142913	81149645.0	82459892	82459892	100.0
MHW121-RG	0.162537	0.007659988	1389123.0	101184422.0	100.0	95.02747567209506	19.657875794358937	101184422.0	102573545	102573545	100.0
MHW122-RG	0.132596	0.007844491	1179330.0	84249146.0	100.0	95.52875705113972	20.44399476761462	84249146.0	85428476	85428476	100.0
MHW123-RG	0.164928	0.007765874	1356667.0	92470529.0	100.0	94.73397735185445	18.991624888400928	92470529.0	93827196	93827196	100.0
MHW124-RG	0.125925	0.008702214	1771443.0	91457591.0	100.0	94.32336130524146	24.942463223200356	91457591.0	93229034	93229034	100.0
MHW125-RG	0.144302	0.007521196	1084400.0	86243617.0	100.0	95.69895474119552	18.97672728637993	86243617.0	87328017	87328017	100.0
MHW126-RG	0.132078	0.009052793	1276653.0	74231077.0	100.0	94.75667179124991	29.788663850317032	74231077.0	75507730	75507730	100.0
MHW127-RG	0.136196	0.008408357	1542394.0	85179979.0	100.0	94.0205561684865	23.665313418309246	85179979.0	86722373	86722373	100.0
MHW128-RG	0.155426	0.007593899	1292387.0	96291267.0	100.0	95.45192504321291	19.526499739586974	96291267.0	97583654	97583654	100.0
MHW129-RG	0.179332	0.007556655	1485565.0	114546339.0	100.0	95.41993830112719	18.58921392502994	114546339.0	116031904	116031904	100.0
MHW130-RG	0.146772	0.008741654	1646897.0	91657740.0	100.0	94.26851240277145	26.241907120991637	91657740.0	93304637	93304637	100.0
MHW131-RG	0.164183	0.008438027	1853607.0	107929761.0	100.0	94.60951182871608	25.15218022209833	107929761.0	109783368	109783368	100.0
MHW132-RG	0.145892	0.008270223	1449305.0	88211015.0	100.0	94.87952269906428	23.459786739785272	88211015.0	89660320	89660320	100.0
MHW133-RG	0.154782	0.007902526	1438703.0	96969479.0	100.0	95.02648972673143	21.46723094181005	96969479.0	98408182	98408182	100.0
MHW134-RG	0.134861	0.007581586	1003551.0	79279049.0	100.0	95.74640331520627	19.087533454141205	79279049.0	80282600	80282600	100.0
MHW135-RG	0.170085	0.008105743	1558771.0	92837709.0	100.0	94.37876369827265	21.536988811302958	92837709.0	94396480	94396480	100.0
MHW136-RG	0.12297	0.007758141	1413356.0	91031747.0	100.0	93.00119440748512	16.05236247965229	91031747.0	92445103	92445103	100.0
MHW137-RG	0.118118	0.007585126	1668764.0	96389202.0	100.0	91.7739852229506	16.25160046454166	96389202.0	98057966	98057966	100.0
MHW138-RG	0.119365	0.007415399	1793060.0	107996121.0	100.0	91.9078213929554	15.98919372298566	107996121.0	109789181	109789181	100.0
MHW139-RG	0.119392	0.007496217	2931525.0	99060745.0	100.0	87.08661135144905	16.94956160485165	99060745.0	101992270	101992270	100.0
MHW140-RG	0.151688	0.007336795	2599308.0	86281287.0	100.0	82.55600777025963	16.3738227502332	86281287.0	88880595	88880595	100.0
MHW141-RG	0.14342	0.0074603	1607844.0	88366652.0	100.0	90.53837413688593	16.033263317478635	88366652.0	89974496	89974496	100.0
MHW142-RG	0.145272	0.007486202	2120883.0	89979830.0	100.0	87.42377930698468	16.258788219537646	89979830.0	92100713	92100713	100.0
MHW143-RG	0.136575	0.007403787	2197476.0	98952918.0	100.0	90.23431527304733	16.118964778784996	98952918.0	101150394	101150394	100.0
MHW144-RG	0.129815	0.007513804	1709397.0	84274760.0	100.0	89.99410499656125	16.0932086902413	84274760.0	85984157	85984157	100.0
MHW145-RG	0.138955	0.007533152	3599583.0	93019662.0	100.0	79.90343804947389	17.04959861066793	93019662.0	96619245	96619245	100.0
MHW146-RG	0.12626	0.007720046	2068375.0	86572291.0	100.0	90.79530770417061	17.287350059847668	86572291.0	88640666	88640666	100.0
MHW147-RG	0.128636	0.007360965	5522770.0	87982106.0	100.0	78.84439820069777	17.410395927553722	87982106.0	93504876	93504876	100.0
MHW148-RG	0.135372	0.007412038	5775245.0	98854024.0	100.0	79.78115691071919	18.079380359872857	98854024.0	104629269	104629269	100.0
MHW149-RG	0.157793	0.03141399	5644353.0	103039426.0	100.0	84.55696172065245	18.53466070356409	103039426.0	108683779	108683779	100.0
MHW150-RG	0.13455	0.007662326	3018602.0	100184529.0	100.0	89.37012021087607	17.494336875107734	100184529.0	103203131	103203131	100.0
MHW151-RG	0.147979	0.00740319	3553386.0	107024424.0	100.0	86.65490598669328	16.687534800467603	107024424.0	110577810	110577810	100.0
MHW152-RG	0.130059	0.00763501	2151710.0	96185226.0	100.0	91.52560498220382	17.092489859097487	96185226.0	98336936	98336936	100.0
MHW153-RG	0.12616	0.00757625	3260162.0	100294352.0	100.0	88.5876205671083	16.894133779337846	100294352.0	103554514	103554514	100.0
MHW154-RG	0.134206	0.007651979	1875923.0	89699811.0	100.0	92.19632803908584	16.517678058429798	89699811.0	91575734	91575734	100.0
MHW155-RG	0.146981	0.007360465	8175294.0	101542294.0	100.0	75.82459974756922	17.807830892613083	101542294.0	109717588	109717588	100.0
MHW156-RG	0.221012	0.007313622	901457.0	81629282.0	100.0	95.213112373082	15.911302515193015	81629282.0	82530739	82530739	100.0
MHW157-RG	0.209918	0.007218771	997548.0	91505902.0	100.0	95.45261900155904	15.99550376542925	91505902.0	92503450	92503450	100.0
MHW158-RG	0.19809	0.007430113	1281742.0	105502756.0	100.0	95.7892929356272	17.504037524858592	105502756.0	106784498	106784498	100.0
MHW159-RG	0.164921	0.007457171	952664.0	80878119.0	100.0	96.05499603669071	18.68865916626968	80878119.0	81830783	81830783	100.0
MHW160-RG	0.196164	0.007334836	969439.0	83393765.0	100.0	95.46847776929125	15.851941688926024	83393765.0	84363204	84363204	100.0
MHW161-RG	0.185967	0.007426302	995453.0	82692024.0	100.0	95.54310582602258	16.920735910394455	82692024.0	83687477	83687477	100.0
MHW162-RG	0.192397	0.007161842	910486.0	83564544.0	100.0	95.6628591188148	16.166065598347547	83564544.0	84475030	84475030	100.0
MHW163-RG	0.176664	0.007476964	1022696.0	84601078.0	100.0	95.48827498391923	16.80060152425008	84601078.0	85623774	85623774	100.0
MHW164-RG	0.170355	0.007504616	953836.0	78839888.0	100.0	95.63094762387283	16.612217916900136	78839888.0	79793724	79793724	100.0
MHW165-RG	0.174392	0.007152646	954437.0	88664127.0	100.0	95.84659644818925	16.57313560421116	88664127.0	89618564	89618564	100.0
MHW166-RG	0.205026	0.007465271	1146718.0	94754870.0	100.0	95.19499103317855	16.540921854465104	94754870.0	95901588	95901588	100.0
MHW167-RG	0.172322	0.007363013	971350.0	85269411.0	100.0	95.76533840488239	16.143349459749405	85269411.0	86240761	86240761	100.0
MHW168-RG	0.182974	0.00722941	922563.0	82670785.0	100.0	95.56919291379657	16.097213785982557	82670785.0	83593348	83593348	100.0
MHW169-RG	0.163084	0.007325717	900795.0	80088837.0	100.0	95.84744500659936	16.84249703863224	80088837.0	80989632	80989632	100.0
MHW170-RG	0.149444	0.007337642	990983.0	86778844.0	100.0	96.16731239240754	18.206689870171584	86778844.0	87769827	87769827	100.0
MHW171-RG	0.183651	0.007360543	1267054.0	113813179.0	100.0	95.35449141614785	16.114580192861496	113813179.0	115080233	115080233	100.0
MHW172-RG	0.178771	0.007477758	982683.0	80319416.0	100.0	95.51142403724648	16.869638344979997	80319416.0	81302099	81302099	100.0
MHW173-RG	0.191992	0.007313537	921019.0	83360987.0	100.0	95.41380310192345	15.73192145625627	83360987.0	84282006	84282006	100.0
MHW174-RG	0.188999	0.007320455	1007248.0	89854342.0	100.0	95.58563792053589	15.583757766541767	89854342.0	90861590	90861590	100.0
MHW175-RG	0.153947	0.007380143	935938.0	78962116.0	100.0	95.89546207196372	16.72908816172049	78962116.0	79898054	79898054	100.0
MHW176-RG	0.087616	0.007524779	8512431.0	72129705.0	100.0	76.44166297366668	20.39658418123296	72129705.0	80642136	80642136	100.0
MHW177-RG	0.111312	0.007726109	2551207.0	63793196.0	100.0	86.28691059780105	17.490813597111515	63793196.0	66344403	66344403	100.0
MHW178-RG	0.106141	0.007702169	1752603.0	58927811.0	100.0	89.38274323476907	17.136801501077308	58927811.0	60680414	60680414	100.0
MHW179-RG	0.116818	0.007775402	2289249.0	61759084.0	100.0	86.61217838010681	17.856628184446517	61759084.0	64048333	64048333	100.0
MHW180-RG	0.126678	0.007609374	4021169.0	65144350.0	100.0	79.26357082387038	17.886843601939386	65144350.0	69165519	69165519	100.0
MHW181-RG	0.113711	0.007230812	4064341.0	58033550.0	100.0	81.48455160850922	18.43973529105147	58033550.0	62097891	62097891	100.0
MHW182-RG	0.126312	0.007573872	1660677.0	71379378.0	100.0	91.17090653269632	16.85878237829419	71379378.0	73040055	73040055	100.0
MHW183-RG	0.13484	0.007433009	4260629.0	70826396.0	100.0	81.78213388127217	18.046821131488887	70826396.0	75087025	75087025	100.0
MHW184-RG	0.130028	0.00733276	4027865.0	69605907.0	100.0	82.13800877560578	17.83886962352204	69605907.0	73633772	73633772	100.0
MHW185-RG	0.108522	0.00736818	1552083.0	60012797.0	100.0	91.29679124937303	17.44769869666298	60012797.0	61564880	61564880	100.0
MHW186-RG	0.213955	0.007308673	1013934.0	91113552.0	100.0	95.0921505068752	16.237053298064815	91113552.0	92127486	92127486	100.0
MHW187-RG	0.210211	0.00714884	1130467.0	96744384.0	100.0	95.12701636510498	16.45572418963358	96744384.0	97874851	97874851	100.0
MHW188-RG	0.214896	0.00720993	1070164.0	92791920.0	100.0	95.13224211763266	16.220777628052097	92791920.0	93862084	93862084	100.0
MHW189-RG	0.229893	0.007239761	1144939.0	100239533.0	100.0	94.9278943667864	16.03752782846664	100239533.0	101384472	101384472	100.0
MHW190-RG	0.179126	0.007193768	1021825.0	83418661.0	100.0	95.55565510695503	16.853257810024065	83418661.0	84440486	84440486	100.0
MHW191-RG	0.207626	0.007281295	1028845.0	87957054.0	100.0	94.88878515644691	16.030923454985203	87957054.0	88985899	88985899	100.0
MHW192-RG	0.164792	0.007293201	854342.0	68699956.0	100.0	95.72744995644538	17.103529149276312	68699956.0	69554298	69554298	100.0
MHW193-RG	0.193502	0.007099543	1032194.0	88040917.0	100.0	95.441266246693	16.54782627945595	88040917.0	89073111	89073111	100.0
MHW194-RG	0.161942	0.007265673	925279.0	83122328.0	100.0	95.71750204108817	16.73940965657266	83122328.0	84047607	84047607	100.0
MHW195-RG	0.174819	0.007365716	1045201.0	88524254.0	100.0	95.38352280268863	16.68132667912683	88524254.0	89569455	89569455	100.0
MHW196-RG	0.069116	0.007397466	1803423.0	55304524.0	100.0	94.09727131906966	22.13975297934035	55304524.0	57107947	57107947	100.0
MHW197-RG	0.065495	0.007349775	11056857.0	66304183.0	100.0	81.63468359153147	23.385812626633225	66304183.0	77361040	77361040	100.0
MHW198-RG	0.112674	0.007948013	2380939.0	68476183.0	100.0	94.72171952107786	30.907639813977365	68476183.0	70857122	70857122	100.0
MHW199-RG	0.076529	0.00709558	5518368.0	70440532.0	100.0	88.19678136445648	21.823531940389092	70440532.0	75958900	75958900	100.0
MHW200-RG	0.130029	0.007064532	7630241.0	71510036.0	100.0	72.24564115727756	18.431176569397895	71510036.0	79140277	79140277	100.0
MHW201-RG	0.077394	0.007320882	2931550.0	64777635.0	100.0	93.31885302697451	23.665204819533777	64777635.0	67709185	67709185	100.0
MHW202-RG	0.076465	0.007284915	8972612.0	81630406.0	100.0	88.52676538200728	24.881918387126483	81630406.0	90603018	90603018	100.0
MHW203-RG	0.078089	0.006649749	16222107.0	61539765.0	100.0	68.23366647565197	22.04369158705757	61539765.0	77761872	77761872	100.0
MHW204-RG	0.071727	0.00718577	6558102.0	60318225.0	100.0	87.78463557241614	23.600714377785486	60318225.0	66876327	66876327	100.0
MHW205-RG	0.094835	0.007616962	1228175.0	58685992.0	100.0	96.36870413641469	24.12409932509959	58685992.0	59914167	59914167	100.0
MHW206-RG	0.117967	0.008885061	528256.0	36590773.0	100.0	96.80860254031802	26.916058865441293	36590773.0	37119029	37119029	100.0
MHW207-RG	0.09548	0.008793428	609056.0	57538134.0	100.0	97.08436842946627	26.549574930601676	57538134.0	58147190	58147190	100.0
MHW208-RG	0.113409	0.007294637	2282449.0	77977928.0	100.0	90.3987112866092	17.705588432665202	77977928.0	80260377	80260377	100.0
MHW209-RG	0.141054	0.007527721	3289604.0	68595413.0	100.0	82.23867388917098	17.28235385068678	68595413.0	71885017	71885017	100.0
MHW210-RG	0.143051	0.007364223	1420879.0	77895323.0	100.0	91.80039217502186	16.273421191154185	77895323.0	79316202	79316202	100.0
MHW211-RG	0.139283	0.007516683	2587879.0	71745607.0	100.0	85.08535163693018	17.10726483922563	71745607.0	74333486	74333486	100.0
MHW212-RG	0.121531	0.007390551	4580330.0	66545011.0	100.0	78.68815289548904	18.396905817627708	66545011.0	71125341	71125341	100.0
MHW213-RG	0.118018	0.007479549	3405545.0	74129184.0	100.0	85.83830087755992	18.14156756399747	74129184.0	77534729	77534729	100.0
MHW214-RG	0.1283	0.007686001	1026673.0	75833142.0	100.0	94.40922809185462	16.522055752351655	75833142.0	76859815	76859815	100.0
MHW215-RG	0.148616	0.007429379	1789585.0	90986009.0	100.0	91.20281558893302	17.44712420565672	90986009.0	92775594	92775594	100.0
MHW216-RG	0.148775	0.00754195	2675788.0	72767131.0	100.0	84.38604237399437	17.332983761583236	72767131.0	75442919	75442919	100.0
MHW217-RG	0.161465	0.007338209	3235518.0	90388717.0	100.0	83.48773000063714	16.78977919334777	90388717.0	93624235	93624235	100.0
MHW218-RG	0.138534	0.007645986	1363146.0	71602615.0	100.0	91.69758953635981	15.969772891674417	71602615.0	72965761	72965761	100.0
MHW219-RG	0.212539	0.007241316	979907.0	92104304.0	100.0	95.04857232296115	14.766521660051849	92104304.0	93084211	93084211	100.0
MHW220-RG	0.186721	0.007198559	986757.0	91231117.0	100.0	95.52561983867851	15.69881469279829	91231117.0	92217874	92217874	100.0
MHW221-RG	0.18497	0.007365295	959923.0	83954911.0	100.0	95.25255526743396	15.268911427944937	83954911.0	84914834	84914834	100.0
MHW222-RG	0.181648	0.007427394	1081721.0	93038979.0	100.0	95.13827747400366	15.725458466176848	93038979.0	94120700	94120700	100.0
MHW223-RG	0.182848	0.007518896	937478.0	76428782.0	100.0	94.95718510861523	16.46375837835542	76428782.0	77366260	77366260	100.0
MHW224-RG	0.203963	0.007499082	1130889.0	93647763.0	100.0	94.71104611436367	16.178850956642712	93647763.0	94778652	94778652	100.0
MHW225-RG	0.205962	0.00710385	1085760.0	107042083.0	100.0	95.41138320337058	15.397472225946874	107042083.0	108127843	108127843	100.0
MHW226-RG	0.223105	0.007226223	1134112.0	104661210.0	100.0	94.9538897935539	15.253241387138559	104661210.0	105795322	105795322	100.0
MHW227-RG	0.210132	0.007445048	1263041.0	106297730.0	100.0	95.20288344821662	16.30529927591116	106297730.0	107560771	107560771	100.0
MHW228-RG	0.200602	0.007282594	1179584.0	104933503.0	100.0	95.60552076489813	16.100348808521144	104933503.0	106113087	106113087	100.0
MHW229-RG	0.179734	0.007347816	1184687.0	100783760.0	100.0	95.49538536764256	16.036700754169125	100783760.0	101968447	101968447	100.0
MHW230-RG	0.200571	0.007319902	1192867.0	101978668.0	100.0	95.04939013323846	16.219247931341876	101978668.0	103171535	103171535	100.0
MHW231-RG	0.175397	0.007257186	1037369.0	87902735.0	100.0	95.60005613022166	16.521748726020867	87902735.0	88940104	88940104	100.0
MHW232-RG	0.183154	0.007222983	1079157.0	98022972.0	100.0	95.63190554965014	16.1660166761726	98022972.0	99102129	99102129	100.0
MHW233-RG	0.168652	0.007340567	1070614.0	90644479.0	100.0	95.2455140704157	17.142836686170373	90644479.0	91715093	91715093	100.0
MHW234-RG	0.164702	0.007570256	1194049.0	100884023.0	100.0	95.33998460786997	16.289131332520316	100884023.0	102078072	102078072	100.0
MHW235-RG	0.190961	0.007395848	1100298.0	87906906.0	100.0	94.83450367369318	15.91908603858723	87906906.0	89007204	89007204	100.0
MHW236-RG	0.177338	0.007236352	1319871.0	99170374.0	100.0	95.07805022495933	16.775705615469395	99170374.0	100490245	100490245	100.0
MHW237-RG	0.174925	0.007195501	1042479.0	91244066.0	100.0	95.30960402400305	16.509726780479074	91244066.0	92286545	92286545	100.0
MHW238-RG	0.178198	0.007347858	1165514.0	92375787.0	100.0	94.78943654358257	16.237061125119293	92375787.0	93541301	93541301	100.0
MHW239-RG	0.173828	0.00758612	865786.0	67012085.0	100.0	95.04810363682908	16.463090202312017	67012085.0	67877871	67877871	100.0
MHW240-RG	0.204031	0.007377434	973569.0	89047186.0	100.0	95.00818139272812	15.356751419410378	89047186.0	90020755	90020755	100.0
MHW241-RG	0.185575	0.007345913	1006289.0	87856171.0	100.0	95.16281787422763	16.414645477777537	87856171.0	88862460	88862460	100.0
MHW258-RG	0.163633	0.007334189	929948.0	81368226.0	100.0	95.7736819775326	16.73596890265249	81368226.0	82298174	82298174	100.0
MHW260-RG	0.168035	0.00756443	1059932.0	88703769.0	100.0	95.21843880162521	17.077618201319044	88703769.0	89763701	89763701	100.0
MHW263-RG	0.150712	0.007432251	887936.0	80026083.0	100.0	95.81491824359316	17.3126141885515	80026083.0	80914019	80914019	100.0
MHW265-RG	0.148011	0.007929106	1091633.0	80837548.0	100.0	95.33346558210796	19.83709105080723	80837548.0	81929181	81929181	100.0
MHW267-RG	0.174258	0.007585253	964047.0	78362114.0	100.0	95.22159139300402	16.771970955250133	78362114.0	79326161	79326161	100.0
MHW268-RG	0.190154	0.007390079	1118277.0	96881160.0	100.0	95.2501208697336	16.019231190047684	96881160.0	97999437	97999437	100.0
MHW269-RG	0.146553	0.007613552	971448.0	76351301.0	100.0	95.50547671741704	17.01777419614631	76351301.0	77322749	77322749	100.0
MHW270-RG	0.138987	0.007682963	912199.0	76814119.0	100.0	95.71674186616656	18.56775835702809	76814119.0	77726318	77726318	100.0
MHW271-RG	0.139176	0.007439874	785923.0	67199893.0	100.0	96.07930774532633	17.617990850074715	67199893.0	67985816	67985816	100.0
MHW272-RG	0.142913	0.007611905	977777.0	76306815.0	100.0	95.50617726608036	17.897423709795778	76306815.0	77284592	77284592	100.0
MHW273-RG	0.195387	0.007223991	940440.0	87479381.0	100.0	95.15295952997198	16.05015700785537	87479381.0	88419821	88419821	100.0
MHW274-RG	0.178853	0.007195897	957340.0	88034271.0	100.0	95.58359607476048	16.051252358300324	88034271.0	88991611	88991611	100.0
MHW275-RG	0.187584	0.007397053	978770.0	83010376.0	100.0	95.25827951917721	17.062765743887244	83010376.0	83989146	83989146	100.0
MHW276-RG	0.162324	0.00771301	1037369.0	82395001.0	100.0	95.5755993012246	18.301374861321985	82395001.0	83432370	83432370	100.0
MHW277-RG	0.187462	0.007211707	921976.0	86262811.0	100.0	95.36232710988284	16.017408706980348	86262811.0	87184787	87184787	100.0
MHW278-RG	0.159895	0.007167041	885438.0	80639322.0	100.0	95.61989868912836	16.020250021447353	80639322.0	81524760	81524760	100.0
MHW279-RG	0.151321	0.007566801	792209.0	66754260.0	100.0	95.5004819168095	17.52138964614393	66754260.0	67546469	67546469	100.0
MHW280-RG	0.182056	0.007179887	928221.0	84691519.0	100.0	95.60290918858121	16.403914068420473	84691519.0	85619740	85619740	100.0
MHW281-RG	0.208545	0.007183591	969665.0	90831771.0	100.0	95.25801715349137	15.886257463811864	90831771.0	91801436	91801436	100.0
MHW282-RG	0.17444	0.007366045	1050789.0	90592021.0	100.0	95.67947490651521	17.848709876998992	90592021.0	91642810	91642810	100.0
MHW283-RG	0.194143	0.007475808	1089127.0	88948054.0	100.0	95.26972450684531	17.072788349028976	88948054.0	90037181	90037181	100.0
MHW284-RG	0.180652	0.007153839	949272.0	84467775.0	100.0	95.60123964434958	16.578694064097224	84467775.0	85417047	85417047	100.0
MHW285-RG	0.18983	0.007173558	914366.0	84011842.0	100.0	95.37656131858174	15.97613226954362	84011842.0	84926208	84926208	100.0
MHW286-RG	0.201473	0.007379031	974036.0	87136516.0	100.0	95.0871939842075	15.833467567144869	87136516.0	88110552	88110552	100.0
MHW287-RG	0.173715	0.0073083	808025.0	73895147.0	100.0	95.68604823263969	17.739733300753837	73895147.0	74703172	74703172	100.0
MHW288-RG	0.174499	0.007451706	1037709.0	87094513.0	100.0	95.52317951419053	16.858096445180195	87094513.0	88132222	88132222	100.0
MHW289-RG	0.154205	0.007383206	1173806.0	76034841.0	100.0	91.08885228023296	15.100172301274359	76034841.0	77208647	77208647	100.0
MHW290-RG	0.159704	0.007420108	1364349.0	79977546.0	100.0	89.99543946997323	14.96191068428131	79977546.0	81341895	81341895	100.0
MHW291-RG	0.160892	0.007398208	1360709.0	68518334.0	100.0	87.63847644048089	15.253120427592417	68518334.0	69879043	69879043	100.0
MHW292-RG	0.152101	0.007421599	1298923.0	93690930.0	100.0	92.57852174164564	14.562006162175997	93690930.0	94989853	94989853	100.0
MHW293-RG	0.155012	0.007446072	1577169.0	91515358.0	100.0	89.56312010493365	15.346034050372179	91515358.0	93092527	93092527	100.0
MHW294-RG	0.155565	0.007463467	1512038.0	96763082.0	100.0	91.04939836455395	15.594076468130686	96763082.0	98275120	98275120	100.0
MHW295-RG	0.165798	0.007437284	1472057.0	102175618.0	100.0	92.56463317892532	14.99334900034566	102175618.0	103647675	103647675	100.0
MHW296-RG	0.160765	0.007435939	2590668.0	112333874.0	100.0	84.84233883004872	15.61827557019889	112333874.0	114924542	114924542	100.0
MHW297-RG	0.156379	0.0316007	4569496.0	97786790.0	100.0	86.06914901286768	17.539214652613097	97786790.0	102356286	102356286	100.0
MHW298-RG	0.148781	0.007654649	1357267.0	97928009.0	100.0	93.1715828103888	14.981027542385755	97928009.0	99285276	99285276	100.0
MHW299-RG	0.155395	0.007477584	1984676.0	89102996.0	100.0	86.07741539914102	16.292073950016224	89102996.0	91087672	91087672	100.0
MHW300-RG	0.162028	0.007413242	1883242.0	105470904.0	100.0	89.21727455754053	14.723818997512335	105470904.0	107354146	107354146	100.0
MHW301-RG	0.157601	0.007655962	1768800.0	102585751.0	100.0	90.19744077323175	15.102704663145664	102585751.0	104354551	104354551	100.0
MHW302-RG	0.149917	0.007702597	1268090.0	95665039.0	100.0	94.01512500298045	14.703224027327266	95665039.0	96933129	96933129	100.0
MHW303-RG	0.15165	0.007450363	1263999.0	102773200.0	100.0	94.5347756029782	14.123723889107275	102773200.0	104037199	104037199	100.0
MHW304-RG	0.144733	0.07187804	6264769.0	94437292.0	100.0	85.43210874788744	14.295238368334406	94437292.0	100702061	100702061	100.0
MHW305-RG	0.139851	0.00758109	1181664.0	95665048.0	100.0	94.36231088286289	14.120511390952315	95665048.0	96846712	96846712	100.0
MHW306-RG	0.146321	0.007731905	1228195.0	94259437.0	100.0	94.01672534920827	14.70771674564532	94259437.0	95487632	95487632	100.0
MHW307-RG	0.145561	0.007509041	1539339.0	108577640.0	100.0	93.02402225725297	15.421176035876263	108577640.0	110116979	110116979	100.0
MHW308-RG	0.149476	0.007218256	1207023.0	81839419.0	100.0	92.0292628177138	15.015849513789925	81839419.0	83046442	83046442	100.0
MHW309-RG	0.159411	0.007482108	1419506.0	89082138.0	100.0	91.33577822301481	15.388014149368532	89082138.0	90501644	90501644	100.0
MHW310-RG	0.155717	0.007438323	1142915.0	88337190.0	100.0	93.60879828756156	15.509823212624262	88337190.0	89480105	89480105	100.0
MHW311-RG	0.240366	0.008241833	966758.0	71168554.0	100.0	95.3132390465598	18.27843235370498	71168554.0	72135312	72135312	100.0
MHW312-RG	0.225636	0.00714795	1099262.0	111480822.0	100.0	94.94722599013488	13.722641011742809	111480822.0	112580084	112580084	100.0
MHW313-RG	0.212674	0.007287091	981220.0	90245611.0	100.0	94.87005855608868	14.356417842857756	90245611.0	91226831	91226831	100.0
MHW314-RG	0.21991	0.007404355	991955.0	89494254.0	100.0	94.87859187026689	14.537792560402815	89494254.0	90486209	90486209	100.0
MHW315-RG	0.183671	0.007189677	898745.0	83912650.0	100.0	95.29297668468342	14.515151172081922	83912650.0	84811395	84811395	100.0
MHW316-RG	0.199985	0.007009995	784564.0	81353917.0	100.0	95.5437462218322	12.951747609153227	81353917.0	82138481	82138481	100.0
MHW317-RG	0.195945	0.007381679	854675.0	78435253.0	100.0	95.07531262760126	14.35309706975765	78435253.0	79289928	79289928	100.0
MHW318-RG	0.205573	0.007054221	841346.0	84346911.0	100.0	95.40557804185622	13.461089286364025	84346911.0	85188257	85188257	100.0
MHW319-RG	0.210298	0.00704493	1008619.0	97492079.0	100.0	95.60352077423644	13.781382177725435	97492079.0	98500698	98500698	100.0
MHW320-RG	0.24341	0.007081865	1110687.0	111049256.0	100.0	95.07148071302703	13.652806462746586	111049256.0	112159943	112159943	100.0
MHW321-RG	0.248129	0.00733149	1880005.0	169430490.0	100.0	94.58616686996537	15.391208512706303	169430490.0	171310495	171310495	100.0
MHW322-RG	0.204175	0.007302367	1168401.0	99944430.0	100.0	95.26731804863962	16.96541167927017	99944430.0	101112831	101112831	100.0
MHW323-RG	0.217645	0.007191116	1140953.0	107517408.0	100.0	95.13127957846604	14.70020092002218	107517408.0	108658361	108658361	100.0
MHW324-RG	0.231068	0.007261386	1078051.0	101696269.0	100.0	94.71474710640564	14.715453327004552	101696269.0	102774320	102774320	100.0
MHW325-RG	0.234433	0.007154404	1010012.0	98014878.0	100.0	94.93055941976482	13.900418260990948	98014878.0	99024890	99024890	100.0
MHW326-RG	0.268439	0.007250335	925903.0	86114640.0	100.0	94.7482727675573	13.02263703361008	86114640.0	87040543	87040543	100.0
MHW327-RG	0.252783	0.007424773	969800.0	86759052.0	100.0	94.8240582435133	14.801670493126181	86759052.0	87728852	87728852	100.0
MHW328-RG	0.255597	0.03156509	3888186.0	88326605.0	100.0	87.6773334602864	17.19696573869221	88326605.0	92214791	92214791	100.0
MHW329-RG	0.255857	0.007147318	1078645.0	101997254.0	100.0	95.07675765467177	14.616368985776813	101997254.0	103075899	103075899	100.0
MHW330-RG	0.233753	0.007260084	1020293.0	88784006.0	100.0	94.87804368728304	16.14869124062728	88784006.0	89804299	89804299	100.0
MHW331-RG	0.20109	0.007287	990661.0	85395077.0	100.0	95.35332581291543	15.63595404920122	85395077.0	86385738	86385738	100.0
MHW332-RG	0.275024	0.007207567	870983.0	84923269.0	100.0	94.47255969385728	14.599193066861332	84923269.0	85794252	85794252	100.0
MHW333-RG	0.25145	0.007038256	836599.0	82094953.0	100.0	95.1362552092575	13.51051385582741	82094953.0	82931552	82931552	100.0
MHW334-RG	0.233882	0.007216408	1003731.0	91465754.0	100.0	94.93104708894654	15.070857011685487	91465754.0	92469485	92469485	100.0
MHW335-RG	0.142415	0.03127342	4930903.0	84297413.0	100.0	82.7846496309442	18.447384619027396	84297413.0	89228316	89228316	100.0
MHW336-RG	0.152175	0.007372189	1639743.0	90653805.0	100.0	91.1473666218423	15.014419968362056	90653805.0	92293548	92293548	100.0
MHW337-RG	0.134033	0.007447897	1137944.0	76931718.0	100.0	93.02323912745585	15.22896186979732	76931718.0	78069662	78069662	100.0
MHW338-RG	0.130252	0.007438218	1451930.0	87762173.0	100.0	91.38420034335294	15.409448669872837	87762173.0	89214103	89214103	100.0
MHW339-RG	0.120027	0.007493048	1345515.0	83688593.0	100.0	93.37330835517811	15.997710703536383	83688593.0	85034108	85034108	100.0
MHW340-RG	0.144919	0.007217564	3576867.0	90295167.0	100.0	81.81649855080283	15.553351820037056	90295167.0	93872034	93872034	100.0
MHW341-RG	0.127723	0.007209101	1543048.0	94557466.0	100.0	92.3028880659725	14.86410602416101	94557466.0	96100514	96100514	100.0
MHW342-RG	0.135812	0.007434019	1587152.0	99570612.0	100.0	91.95272597099232	15.461001685919134	99570612.0	101157764	101157764	100.0
MHW343-RG	0.131242	0.007318762	4862873.0	97014840.0	100.0	82.18987734247668	16.915527562587332	97014840.0	101877713	101877713	100.0
MHW344-RG	0.129969	0.007303066	2033622.0	105973338.0	100.0	91.7404602278358	15.763660289723061	105973338.0	108006960	108006960	100.0
MHW345-RG	0.198481	0.00729929	1044036.0	93778816.0	100.0	95.11168492466359	14.752924583735414	93778816.0	94822852	94822852	100.0
MHW347-RG	0.183906	0.00709868	909829.0	82464101.0	100.0	95.46782302277205	14.934394300860687	82464101.0	83373930	83373930	100.0
MHW348-RG	0.211003	0.007307722	923783.0	81879226.0	100.0	94.92920951646514	15.104413664095945	81879226.0	82803009	82803009	100.0
MHW349-RG	0.20251	0.007186362	829449.0	73525584.0	100.0	95.2238339242569	14.698874068106688	73525584.0	74355033	74355033	100.0
MHW350-RG	0.181162	0.007133537	900689.0	78736055.0	100.0	95.53244190352184	15.265644182960397	78736055.0	79636744	79636744	100.0
MHW351-RG	0.221693	0.007107321	900890.0	85150104.0	100.0	95.18305696960746	14.649251632153026	85150104.0	86050994	86050994	100.0
MHW352-RG	0.200258	0.007162269	933814.0	85262570.0	100.0	95.36919893453833	15.262269246634249	85262570.0	86196384	86196384	100.0
MHW353-RG	0.192682	0.00716462	817871.0	75716366.0	100.0	95.35350917396114	14.642946546061125	75716366.0	76534237	76534237	100.0
MHW407-RG	0.199224	0.007126118	913665.0	86413114.0	100.0	95.16055398721079	14.292551706908746	86413114.0	87326779	87326779	100.0
MHW410-RG	0.208679	0.007000271	905044.0	88130807.0	100.0	95.3603159449113	14.256144278810472	88130807.0	89035851	89035851	100.0
MHW419-RG	0.206581	0.007217776	926317.0	85427771.0	100.0	95.1999157276385	14.916156480308961	85427771.0	86354088	86354088	100.0
MHW420-RG	0.196261	0.00723824	811196.0	73205491.0	100.0	95.38760145738247	16.790431745072237	73205491.0	74016687	74016687	100.0
MHW421-RG	0.207488	0.007540298	877972.0	71208951.0	100.0	95.03924302999492	15.814944388100871	71208951.0	72086923	72086923	100.0
MHW422-RG	0.208336	0.007329291	917450.0	79129665.0	100.0	95.31237621187958	15.476400664655918	79129665.0	80047115	80047115	100.0
MHW424-RG	0.192483	0.007238356	779512.0	66570396.0	100.0	95.282287339856	15.657417750677045	66570396.0	67349908	67349908	100.0
MHW425-RG	0.197462	0.007345429	821174.0	69059068.0	100.0	94.99429097421356	15.725426529069289	69059068.0	69880242	69880242	100.0
MHW426-RG	0.213831	0.007248838	849241.0	70099611.0	100.0	94.75353579351533	15.500478312212032	70099611.0	70948852	70948852	100.0
MHW427-RG	0.192189	0.0072141	868482.0	72441500.0	100.0	95.09443067854751	15.767609726468946	72441500.0	73309982	73309982	100.0
MHW429-RG	0.186523	0.007392759	1066231.0	88419054.0	100.0	95.02310893305871	16.35258730544663	88419054.0	89485285	89485285	100.0
MHW431-RG	0.182678	0.007357685	908653.0	76837326.0	100.0	95.27686843240744	16.53507827693015	76837326.0	77745979	77745979	100.0
MHW432-RG	0.195019	0.00724369	968316.0	83157437.0	100.0	95.09015531587391	16.195060220530845	83157437.0	84125753	84125753	100.0
