-6117.3891602 -6104.1572266 -6337.8427734 -6322.4160156 -6019.2587891
-6198.4365234 -6183.2431641 -6389.2060547 -6349.1542969 -6109.8198242
-6046.6616211 -6008.4975586 -6269.4804688 -6287.2031250 -5968.1420898
-6154.0151367 -6120.0605469 -6307.3593750 -6317.2548828 -6063.9101562
-6135.3398438 -6094.5903320 -6327.8237305 -6360.6694336 -6003.9414062
-6067.3491211 -6071.1469727 -6235.8193359 -6312.1264648 -5995.9438477
-6096.3168945 -6062.7900391 -6383.8891602 -6332.9599609 -6004.6811523
-6102.3051758 -6083.6733398 -6269.5234375 -6290.3100586 -5994.3330078
-6132.9018555 -6137.4658203 -6377.0444336 -6337.0122070 -6059.7626953
-6106.9741211 -6063.5610352 -6294.0229492 -6346.2646484 -6001.8676758
-6148.8247070 -6105.8061523 -6361.5502930 -6312.4746094 -6066.0878906
-6016.5737305 -5981.0634766 -6187.6738281 -6252.7939453 -5904.9565430
-6141.1904297 -6097.4331055 -6300.8251953 -6388.1782227 -6057.9443359
-6120.5200195 -6092.7968750 -6329.3408203 -6348.9213867 -6022.3183594
-6121.9399414 -6084.0385742 -6300.9541016 -6323.0161133 -5993.4921875
-6115.5498047 -6058.2358398 -6287.2221680 -6278.0678711 -5996.2304688
-6129.1279297 -6107.3818359 -6312.3530273 -6346.0698242 -6015.7143555
-6127.7099609 -6074.7407227 -6273.1699219 -6391.0019531 -6021.2827148
-6064.5161133 -5996.3383789 -6298.1191406 -6274.0751953 -5913.0615234
-6090.3627930 -6028.8369141 -6281.8642578 -6321.6372070 -5946.7407227
-5959.0908203 -5967.2993164 -6198.5102539 -6221.3378906 -5888.8237305
-5976.5600586 -5957.8120117 -6184.8183594 -6207.3559570 -5865.2744141
-6072.2587891 -6021.8647461 -6330.8208008 -6217.5458984 -5934.6694336
-7143.9448242 -7114.0991211 -7201.6484375 -7293.8671875 -7065.6674805
-6115.5395508 -6090.4423828 -6367.1245117 -6373.6386719 -6021.0214844
-6122.4189453 -6093.3125000 -6314.5727539 -6387.4399414 -6014.6679688
-6115.1059570 -6065.7158203 -6431.0302734 -inf -6083.3144531
-6125.4907227 -6095.1230469 -6348.8193359 -6314.7700195 -6002.0590820
-5985.5971680 -5945.9414062 -6211.8178711 -6213.3388672 -5896.6552734
-6088.0283203 -6084.4023438 -6285.8476562 -6373.3212891 -6007.4873047
-6054.1508789 -6004.2939453 -6272.0678711 -6231.3012695 -5899.4370117
-5993.1806641 -5956.5483398 -6213.8691406 -6261.9057617 -5883.9013672
-6184.3286133 -6128.6269531 -6369.5322266 -6411.4628906 -6086.0834961
-5998.9311523 -5995.0410156 -6174.8046875 -6292.3540039 -5914.9760742
-6165.3183594 -6147.8779297 -6411.4497070 -6332.4453125 -6067.5468750
-6080.6411133 -6045.7929688 -6332.9150391 -6340.3598633 -5976.1645508
-6156.5712891 -6113.0551758 -6334.8339844 -6376.6030273 -6051.7934570
-6068.1831055 -6042.7011719 -6265.4760742 -6315.0239258 -5971.2666016
-6113.6264648 -6052.3867188 -6259.1772461 -6307.4072266 -6001.3657227
-6012.0097656 -5968.9174805 -6253.6396484 -6257.2065430 -5886.2504883
-6046.7548828 -5979.8027344 -6403.3212891 -inf -6013.3071289
-6109.8442383 -6031.1923828 -6314.2626953 -6233.8710938 -5960.3999023
-6076.4096680 -6027.5346680 -6310.1762695 -6329.9877930 -5945.3276367
-6058.3935547 -6021.5678711 -6240.7387695 -6270.2387695 -5939.5649414
-6058.6835938 -5974.7895508 -6266.6655273 -6257.9101562 -5917.9028320
-5924.0708008 -5915.4096680 -6147.5268555 -6154.1831055 -5859.5737305
-6129.4790039 -6099.8393555 -6343.7797852 -6331.1406250 -6035.4731445
-6035.2919922 -5998.8642578 -6246.1093750 -6252.5932617 -5948.3315430
-6116.7294922 -6081.8515625 -6315.7700195 -6362.6147461 -6025.7329102
-6173.4399414 -6149.4589844 -6394.1806641 -6359.8349609 -6065.9057617
-6206.0629883 -6135.5703125 -6455.4389648 -6387.5166016 -6059.9389648
-6017.2280273 -5978.0922852 -6162.4946289 -6261.2304688 -5924.5190430
-6121.2207031 -6133.4843750 -6341.8505859 -6454.4560547 -6054.8999023
-6123.3750000 -6142.1210938 -6311.6572266 -6429.1523438 -6066.7363281
-6056.9248047 -6006.1757812 -6356.7124023 -inf -6036.1132812
-6070.9140625 -6028.6445312 -6275.6621094 -6304.9458008 -5956.6445312
-6097.5805664 -6060.8266602 -6297.4042969 -6311.6406250 -5998.2797852
-6037.9355469 -5978.1533203 -6270.1787109 -6248.4409180 -5915.9101562
-6257.5781250 -6214.3032227 -6439.9223633 -6458.3642578 -6132.5107422
-5968.8725586 -5944.2138672 -6170.2788086 -6138.8149414 -5850.0278320
-6117.7958984 -6066.3417969 -6301.6718750 -6249.5620117 -5987.1723633
-6219.1689453 -6189.6166992 -6431.3984375 -6350.7905273 -6096.2880859
-6148.8090820 -6090.6791992 -6299.0722656 -6297.8383789 -5999.5327148
-6246.0683594 -6204.3540039 -6432.9970703 -6382.7187500 -6130.2294922
-6172.7539062 -6140.6684570 -6351.3090820 -6384.2260742 -6058.0361328
-6175.9248047 -6162.1914062 -6443.4853516 -6364.3544922 -6093.6625977
-6123.6948242 -6033.5468750 -6297.9003906 -6283.4252930 -5985.4965820
-6102.4360352 -6059.3510742 -6335.2915039 -6337.6645508 -6001.4726562
-6233.9282227 -6143.1660156 -6445.4082031 -6417.6215820 -6089.7797852
-6166.7900391 -6157.7612305 -6343.2900391 -6318.6328125 -6059.6953125
-6089.6171875 -6041.6840820 -6292.2431641 -6270.9882812 -5977.2792969
-6147.9833984 -6140.7724609 -6315.0454102 -6323.6210938 -6062.4501953
-6123.8779297 -6119.1982422 -6295.8706055 -6322.1298828 -6050.7836914
-6164.8227539 -6126.0952148 -6321.9023438 -6318.4140625 -6056.1323242
-6004.0439453 -5957.0380859 -6179.8388672 -6202.3110352 -5889.8305664
-6096.7016602 -6075.1962891 -6338.0273438 -6275.7866211 -6018.3813477
-6098.3793945 -6021.7568359 -6325.7207031 -6240.9208984 -5977.0776367
-6007.8159180 -6001.8261719 -6224.3017578 -6325.6284180 -5924.2475586
-6106.3056641 -6052.3115234 -6316.4682617 -6246.7651367 -5968.8432617
-6081.9838867 -6128.0366211 -6349.6406250 -6322.1401367 -6018.7705078
-6117.4335938 -6078.4555664 -6258.5322266 -6331.8750000 -6011.4755859
-6069.0761719 -6031.4106445 -6227.3637695 -6315.3486328 -5962.4907227
-6052.8466797 -6021.1601562 -6265.6650391 -6262.3671875 -5942.6269531
-6189.3393555 -6115.9067383 -6391.8896484 -6328.3232422 -6063.7583008
-6097.0512695 -6045.1254883 -6308.9790039 -6319.5922852 -5968.9111328
-6167.3334961 -6119.5644531 -6357.8178711 -6316.7246094 -6034.5395508
-6222.2373047 -6153.8808594 -6386.2670898 -6317.1210938 -6073.4409180
-6187.9965820 -6199.1577148 -6378.2456055 -6479.7587891 -6095.2963867
-6030.4868164 -5993.7641602 -6259.6757812 -6203.7807617 -5913.4423828
-6217.9155273 -6144.6425781 -6419.0502930 -6374.1606445 -6088.2714844
-6085.0405273 -6061.9262695 -6259.1640625 -6363.6469727 -6002.5156250
-6118.8647461 -6040.3808594 -6351.7446289 -6285.2739258 -5987.1528320
-6314.1059570 -6287.1914062 -6541.0800781 -6494.3925781 -6207.2363281
-6078.4018555 -6075.7065430 -6252.6079102 -6248.8041992 -5976.9619141
-6076.4355469 -6014.8911133 -6356.9116211 -inf -6082.3457031
-6236.1904297 -6214.9521484 -6437.9614258 -6405.0781250 -6132.9116211
-6102.4130859 -6051.5893555 -6304.3564453 -6266.8623047 -5960.3735352
-6049.6826172 -6061.7358398 -6300.5698242 -6286.0722656 -5980.1611328
-6127.0283203 -6131.2192383 -6329.5141602 -6338.5458984 -6041.9135742
-6155.8828125 -6124.8334961 -6372.0009766 -6395.8666992 -6054.7924805
-6101.2495117 -6086.1025391 -6255.2485352 -6259.9492188 -6023.6875000
-6173.6938477 -6166.5078125 -6326.0366211 -6457.2338867 -6091.2553711
-6016.9121094 -5949.5634766 -6271.0249023 -6172.5234375 -5898.7587891
-6194.4926758 -6146.2324219 -6412.4360352 -6381.5312500 -6077.0590820
-6166.3745117 -6102.8027344 -6355.2578125 -6373.7875977 -6048.9086914
-6192.2651367 -6122.8090820 -6349.3452148 -6381.6079102 -6078.1333008
-6094.6328125 -6077.4248047 -6243.6704102 -6309.4199219 -5997.0952148
-6236.6767578 -6161.8632812 -6348.7109375 -6360.2495117 -6104.8310547
-6036.4238281 -6018.1313477 -6238.0200195 -6249.6157227 -5947.1699219
-6081.2436523 -6035.7875977 -6266.0234375 -6268.2724609 -5952.7236328
-6018.2910156 -5985.5063477 -6210.2343750 -6236.6577148 -5900.5639648
-6018.7402344 -5940.5864258 -6270.2397461 -6170.1142578 -5876.2065430
-6143.2177734 -6125.3461914 -6385.1108398 -6383.4208984 -6066.7353516
-6066.1538086 -6038.0493164 -6292.0346680 -6321.1206055 -5946.7963867
-6084.1826172 -6023.6962891 -6313.1748047 -6264.5463867 -5949.8984375
-6094.5498047 -6054.9741211 -6310.7651367 -6287.1196289 -5987.6166992
-6087.6206055 -6076.1362305 -6294.1298828 -6263.0698242 -6000.0791016
-6084.5195312 -6039.4580078 -6234.5190430 -6284.8164062 -5946.4536133
-6178.3823242 -6126.4047852 -6374.8193359 -6364.3486328 -6076.7441406
-6060.4184570 -6034.9541016 -6250.3383789 -6303.4609375 -5954.9926758
-6202.9423828 -6159.8725586 -6434.8193359 -6366.1376953 -6073.4785156
-5951.0908203 -5893.8906250 -6163.0288086 -6133.5981445 -5821.5126953
-6089.7714844 -5997.3271484 -6267.6982422 -6264.3266602 -5930.6635742
-6024.2353516 -5983.0063477 -6207.7563477 -6255.5976562 -5945.4956055
-6063.7353516 -6023.6806641 -6227.2646484 -6304.8686523 -5968.8178711
-5948.6689453 -5925.1977539 -6182.7446289 -6176.4658203 -5865.3930664
-6069.1289062 -6044.8330078 -6265.1157227 -6243.9003906 -5974.4067383
-6162.6127930 -6085.9218750 -6402.0541992 -6366.5708008 -6047.3666992
-5999.0449219 -5953.4565430 -6179.6484375 -6166.3110352 -5881.9897461
-6118.9833984 -6065.2416992 -6313.4204102 -6284.6523438 -6007.3945312
-6084.6503906 -5995.5507812 -6261.8579102 -6253.7670898 -5955.2583008
-6004.6953125 -5959.1352539 -6217.3129883 -6213.5947266 -5911.8608398
-6075.1425781 -6045.6967773 -6282.5170898 -6310.4755859 -5985.0029297
-5979.5112305 -5933.4677734 -6166.8144531 -6187.0209961 -5881.0073242
-6118.8095703 -6063.2944336 -6302.7470703 -6358.4389648 -6026.7460938
-6242.2299805 -6231.6669922 -6434.3867188 -6402.7226562 -6158.1162109
-6228.4414062 -6247.3769531 -6392.3500977 -6472.9550781 -6155.0932617
-5997.1538086 -5961.6494141 -6222.8281250 -6242.7177734 -5884.9365234
-6162.1679688 -6143.7314453 -6365.7124023 -6331.0839844 -6065.3222656
-6077.3627930 -6031.0043945 -6216.9750977 -6263.8154297 -5934.5200195
-6111.8002930 -6086.9287109 -6273.5063477 -6332.3173828 -6010.5175781
-6135.1088867 -6093.1230469 -6300.2968750 -6294.2236328 -6030.0092773
-6156.8837891 -6082.0214844 -6322.8408203 -6314.4331055 -6035.0283203
-6163.1166992 -6100.3994141 -6359.9804688 -6314.9648438 -6049.0688477
-5985.0585938 -5937.2382812 -6262.0932617 -6202.7636719 -5879.9873047
-6238.4750977 -6214.4814453 -6436.6362305 -6410.4458008 -6145.3203125
-6179.7875977 -6170.9799805 -6403.5546875 -6381.0449219 -6107.2055664
-6194.3178711 -6167.0937500 -6403.3701172 -6410.7392578 -6100.4086914
-6035.4252930 -6036.4604492 -6222.1538086 -6290.3852539 -5957.1142578
-6084.1987305 -6064.4052734 -6298.1113281 -6274.3759766 -5960.4653320
-6183.6333008 -6119.6606445 -6412.1469727 -6325.8891602 -6098.2871094
-6319.5600586 -6279.5444336 -6486.3632812 -6495.2680664 -6209.2114258
-6091.6958008 -6088.3330078 -6333.0708008 -6311.4428711 -6017.7934570
-6031.9824219 -6019.5888672 -6231.2456055 -6256.2973633 -5934.5317383
-6157.7622070 -6104.8222656 -6306.1733398 -6361.3725586 -6051.3632812
-6109.8413086 -6067.3823242 -6276.0263672 -6305.5522461 -6005.8525391
-6023.3764648 -5970.3842773 -6197.7739258 -6176.0268555 -5909.9130859
