	16.0	17.0	18.0	19.0	20.0	21.0	22.0	23.0	24.0	25.0	26.0	27.0	28.0	29.0	30.0	31.0	32.0	33.0	34.0	35.0	36.0	37.0	38.0	39.0	40.0
100_R1_001	4.0	71.0	830.0	3465.0	9779.0	18777.0	27053.0	32713.0	39196.0	45183.0	55194.0	64990.0	81453.0	98725.0	136465.0	190344.0	253301.0	257662.0	318069.0	475614.0	837139.0	1512401.0	3619308.0	8892420.0	957055.0
	14.0	15.0	16.0	17.0	18.0	19.0	20.0	21.0	22.0	23.0	24.0	25.0	26.0	27.0	28.0	29.0	30.0	31.0	32.0	33.0	34.0	35.0	36.0	37.0	38.0	39.0	40.0
100_R2_001	11.0	394.0	4993.0	21476.0	39564.0	46143.0	54309.0	56785.0	59496.0	62165.0	72479.0	81258.0	93780.0	99785.0	113888.0	126378.0	152214.0	181734.0	234375.0	296885.0	414005.0	597260.0	986731.0	1700639.0	3661952.0	7841831.0	926681.0
	17.0	18.0	19.0	20.0	21.0	22.0	23.0	24.0	25.0	26.0	27.0	28.0	29.0	30.0	31.0	32.0	33.0	34.0	35.0	36.0	37.0	38.0	39.0	40.0
107_R1_001	72.0	719.0	2697.0	7941.0	15205.0	21924.0	26234.0	31637.0	35840.0	44204.0	53314.0	69018.0	87747.0	129568.0	197588.0	269977.0	255827.0	294361.0	439885.0	790744.0	1462938.0	3536051.0	8427856.0	867258.0
	14.0	15.0	16.0	17.0	18.0	19.0	20.0	21.0	22.0	23.0	24.0	25.0	26.0	27.0	28.0	29.0	30.0	31.0	32.0	33.0	34.0	35.0	36.0	37.0	38.0	39.0	40.0
107_R2_001	9.0	282.0	4250.0	18425.0	33904.0	38178.0	45380.0	46196.0	46829.0	47372.0	53379.0	58932.0	70280.0	78931.0	93327.0	106663.0	131544.0	160108.0	211248.0	272782.0	387482.0	568392.0	955502.0	1675102.0	3665721.0	7468577.0	829810.0
	16.0	17.0	18.0	19.0	20.0	21.0	22.0	23.0	24.0	25.0	26.0	27.0	28.0	29.0	30.0	31.0	32.0	33.0	34.0	35.0	36.0	37.0	38.0	39.0	40.0
108_R1_001	9.0	155.0	1479.0	6657.0	18662.0	34259.0	48868.0	58459.0	69674.0	78610.0	94610.0	111264.0	141531.0	174759.0	247286.0	361470.0	481119.0	448664.0	497238.0	701768.0	1173064.0	2033686.0	4544283.0	10208257.0	1099021.0
	14.0	15.0	16.0	17.0	18.0	19.0	20.0	21.0	22.0	23.0	24.0	25.0	26.0	27.0	28.0	29.0	30.0	31.0	32.0	33.0	34.0	35.0	36.0	37.0	38.0	39.0	40.0
108_R2_001	20.0	674.0	7694.0	30813.0	56553.0	65572.0	76045.0	79449.0	84203.0	88737.0	102134.0	113171.0	131963.0	145088.0	168891.0	190235.0	232398.0	275977.0	353770.0	444604.0	608909.0	847509.0	1359868.0	2288032.0	4691976.0	9112612.0	1077955.0
	16.0	17.0	18.0	19.0	20.0	21.0	22.0	23.0	24.0	25.0	26.0	27.0	28.0	29.0	30.0	31.0	32.0	33.0	34.0	35.0	36.0	37.0	38.0	39.0	40.0
109_R1_001	2.0	140.0	1090.0	4596.0	12816.0	23909.0	34663.0	40675.0	49429.0	56025.0	68864.0	81616.0	102277.0	125364.0	171446.0	238158.0	344229.0	400594.0	455645.0	611380.0	1057797.0	1919066.0	4551305.0	10726830.0	1132286.0
	14.0	15.0	16.0	17.0	18.0	19.0	20.0	21.0	22.0	23.0	24.0	25.0	26.0	27.0	28.0	29.0	30.0	31.0	32.0	33.0	34.0	35.0	36.0	37.0	38.0	39.0	40.0
109_R2_001	8.0	414.0	5709.0	24402.0	46741.0	57791.0	69520.0	73108.0	74449.0	75996.0	86822.0	96441.0	110995.0	120373.0	137189.0	151900.0	184490.0	222414.0	287495.0	363050.0	507721.0	735213.0	1228842.0	2137478.0	4692203.0	9607813.0	1111625.0
	16.0	17.0	18.0	19.0	20.0	21.0	22.0	23.0	24.0	25.0	26.0	27.0	28.0	29.0	30.0	31.0	32.0	33.0	34.0	35.0	36.0	37.0	38.0	39.0	40.0
10_R1_001	3.0	97.0	990.0	4502.0	12657.0	23808.0	34199.0	40488.0	49472.0	56699.0	69621.0	82630.0	102157.0	123022.0	163184.0	220612.0	305082.0	330447.0	378843.0	534795.0	938808.0	1694413.0	3991078.0	9578639.0	1039638.0
	14.0	15.0	16.0	17.0	18.0	19.0	20.0	21.0	22.0	23.0	24.0	25.0	26.0	27.0	28.0	29.0	30.0	31.0	32.0	33.0	34.0	35.0	36.0	37.0	38.0	39.0	40.0
10_R2_001	14.0	593.0	7854.0	32117.0	55766.0	61357.0	69227.0	72608.0	77649.0	84568.0	99367.0	108668.0	120809.0	126438.0	140220.0	152451.0	179850.0	209065.0	264543.0	328244.0	447748.0	634445.0	1050755.0	1816960.0	3952472.0	8605988.0	1076108.0
	16.0	17.0	18.0	19.0	20.0	21.0	22.0	23.0	24.0	25.0	26.0	27.0	28.0	29.0	30.0	31.0	32.0	33.0	34.0	35.0	36.0	37.0	38.0	39.0	40.0
110_R1_001	3.0	128.0	1002.0	3938.0	11052.0	20771.0	29854.0	35146.0	42198.0	49374.0	61204.0	72608.0	90596.0	110511.0	146784.0	198397.0	277635.0	325803.0	399965.0	568085.0	1003220.0	1820681.0	4359312.0	10587775.0	1089982.0
	14.0	15.0	16.0	17.0	18.0	19.0	20.0	21.0	22.0	23.0	24.0	25.0	26.0	27.0	28.0	29.0	30.0	31.0	32.0	33.0	34.0	35.0	36.0	37.0	38.0	39.0	40.0
110_R2_001	9.0	380.0	5086.0	20247.0	39619.0	49492.0	61119.0	64798.0	66152.0	69075.0	79052.0	88097.0	101028.0	110479.0	128286.0	143143.0	174224.0	209741.0	271842.0	349225.0	488710.0	709875.0	1183590.0	2041093.0	4433535.0	9350840.0	1067287.0
	16.0	17.0	18.0	19.0	20.0	21.0	22.0	23.0	24.0	25.0	26.0	27.0	28.0	29.0	30.0	31.0	32.0	33.0	34.0	35.0	36.0	37.0	38.0	39.0	40.0
117_R1_001	2.0	116.0	1214.0	4799.0	12915.0	23868.0	34206.0	40535.0	49060.0	58156.0	73047.0	87105.0	111305.0	137515.0	189732.0	266685.0	380390.0	428147.0	480889.0	643851.0	1089365.0	1943113.0	4574575.0	10727783.0	1130966.0
	14.0	15.0	16.0	17.0	18.0	19.0	20.0	21.0	22.0	23.0	24.0	25.0	26.0	27.0	28.0	29.0	30.0	31.0	32.0	33.0	34.0	35.0	36.0	37.0	38.0	39.0	40.0
117_R2_001	16.0	452.0	5686.0	22451.0	43405.0	54460.0	66416.0	70314.0	74933.0	80231.0	93129.0	105247.0	123688.0	135961.0	158623.0	179881.0	223813.0	275166.0	359144.0	448455.0	600256.0	822745.0	1326782.0	2262522.0	4742630.0	9187810.0	1025123.0
	16.0	17.0	18.0	19.0	20.0	21.0	22.0	23.0	24.0	25.0	26.0	27.0	28.0	29.0	30.0	31.0	32.0	33.0	34.0	35.0	36.0	37.0	38.0	39.0	40.0
118_R1_001	1.0	127.0	1085.0	4159.0	12128.0	22754.0	32469.0	37864.0	46477.0	54306.0	66915.0	78549.0	100347.0	120863.0	162778.0	219950.0	304886.0	348298.0	424510.0	605404.0	1071156.0	1936782.0	4525309.0	10094944.0	952437.0
	13.0	14.0	15.0	16.0	17.0	18.0	19.0	20.0	21.0	22.0	23.0	24.0	25.0	26.0	27.0	28.0	29.0	30.0	31.0	32.0	33.0	34.0	35.0	36.0	37.0	38.0	39.0	40.0
118_R2_001	1.0	11.0	479.0	5612.0	23401.0	46807.0	62750.0	76557.0	80654.0	81928.0	83005.0	91856.0	99878.0	113703.0	123948.0	142422.0	160533.0	194726.0	233519.0	299870.0	379233.0	524201.0	754238.0	1247211.0	2129987.0	4490856.0	8821433.0	955679.0
	16.0	17.0	18.0	19.0	20.0	21.0	22.0	23.0	24.0	25.0	26.0	27.0	28.0	29.0	30.0	31.0	32.0	33.0	34.0	35.0	36.0	37.0	38.0	39.0	40.0
119_R1_001	5.0	104.0	1044.0	3787.0	10850.0	20499.0	29829.0	34896.0	41800.0	48559.0	59835.0	70955.0	89320.0	109838.0	147855.0	202136.0	284729.0	335896.0	415571.0	598925.0	1069504.0	1964117.0	4694143.0	11080819.0	1132434.0
	14.0	15.0	16.0	17.0	18.0	19.0	20.0	21.0	22.0	23.0	24.0	25.0	26.0	27.0	28.0	29.0	30.0	31.0	32.0	33.0	34.0	35.0	36.0	37.0	38.0	39.0	40.0
119_R2_001	13.0	357.0	5334.0	22242.0	42859.0	53861.0	65891.0	68845.0	68899.0	69795.0	78070.0	85152.0	97078.0	107451.0	123650.0	138109.0	170670.0	205261.0	271434.0	349810.0	498197.0	736233.0	1247052.0	2167802.0	4743766.0	9894361.0	1135258.0
	16.0	17.0	18.0	19.0	20.0	21.0	22.0	23.0	24.0	25.0	26.0	27.0	28.0	29.0	30.0	31.0	32.0	33.0	34.0	35.0	36.0	37.0	38.0	39.0	40.0
11_R1_001	2.0	74.0	851.0	3871.0	11489.0	21939.0	31359.0	37536.0	45647.0	53540.0	66806.0	79657.0	99866.0	118769.0	154830.0	209718.0	287710.0	322062.0	402482.0	593721.0	1061653.0	1937162.0	4561003.0	10467405.0	1025175.0
	13.0	14.0	15.0	16.0	17.0	18.0	19.0	20.0	21.0	22.0	23.0	24.0	25.0	26.0	27.0	28.0	29.0	30.0	31.0	32.0	33.0	34.0	35.0	36.0	37.0	38.0	39.0	40.0
11_R2_001	1.0	12.0	590.0	7900.0	33130.0	58022.0	65148.0	75131.0	76252.0	78629.0	82391.0	94655.0	106023.0	123550.0	131435.0	146939.0	160321.0	188477.0	220531.0	279726.0	353251.0	494365.0	715043.0	1199130.0	2072365.0	4504548.0	9281816.0	1044946.0
	16.0	17.0	18.0	19.0	20.0	21.0	22.0	23.0	24.0	25.0	26.0	27.0	28.0	29.0	30.0	31.0	32.0	33.0	34.0	35.0	36.0	37.0	38.0	39.0	40.0
120_R1_001	7.0	119.0	1013.0	4109.0	11674.0	22160.0	31300.0	37239.0	45366.0	53073.0	65177.0	77387.0	97605.0	118696.0	157774.0	214299.0	300609.0	345120.0	410716.0	569378.0	986302.0	1778247.0	4229281.0	10166372.0	1056279.0
	14.0	15.0	16.0	17.0	18.0	19.0	20.0	21.0	22.0	23.0	24.0	25.0	26.0	27.0	28.0	29.0	30.0	31.0	32.0	33.0	34.0	35.0	36.0	37.0	38.0	39.0	40.0
120_R2_001	16.0	490.0	5490.0	21394.0	41639.0	53278.0	65773.0	70665.0	73288.0	76294.0	87237.0	95952.0	110704.0	120782.0	139904.0	156147.0	190949.0	225741.0	289242.0	363981.0	501446.0	714597.0	1173058.0	1995137.0	4245386.0	8925942.0	1034770.0
	16.0	17.0	18.0	19.0	20.0	21.0	22.0	23.0	24.0	25.0	26.0	27.0	28.0	29.0	30.0	31.0	32.0	33.0	34.0	35.0	36.0	37.0	38.0	39.0	40.0
121_R1_001	2.0	142.0	1015.0	3879.0	11225.0	20823.0	30380.0	36130.0	42954.0	48960.0	60161.0	70526.0	90267.0	112833.0	156387.0	224582.0	330825.0	388828.0	445871.0	594685.0	1028007.0	1882560.0	4471154.0	10363131.0	1040964.0
	13.0	14.0	15.0	16.0	17.0	18.0	19.0	20.0	21.0	22.0	23.0	24.0	25.0	26.0	27.0	28.0	29.0	30.0	31.0	32.0	33.0	34.0	35.0	36.0	37.0	38.0	39.0	40.0
121_R2_001	1.0	9.0	350.0	4620.0	18734.0	35981.0	45072.0	56861.0	61347.0	62456.0	63376.0	71267.0	78647.0	91322.0	102238.0	121561.0	140437.0	176450.0	212650.0	273666.0	350864.0	496226.0	724935.0	1221776.0	2121754.0	4598468.0	9288560.0	1036663.0
	15.0	16.0	17.0	18.0	19.0	20.0	21.0	22.0	23.0	24.0	25.0	26.0	27.0	28.0	29.0	30.0	31.0	32.0	33.0	34.0	35.0	36.0	37.0	38.0	39.0	40.0
127_R1_001	1.0	2.0	149.0	1325.0	5317.0	15108.0	27967.0	39531.0	46775.0	55908.0	63692.0	77454.0	91373.0	113122.0	138234.0	183875.0	248984.0	351116.0	408333.0	493939.0	688247.0	1198676.0	2150250.0	4962077.0	11079763.0	1089521.0
	14.0	15.0	16.0	17.0	18.0	19.0	20.0	21.0	22.0	23.0	24.0	25.0	26.0	27.0	28.0	29.0	30.0	31.0	32.0	33.0	34.0	35.0	36.0	37.0	38.0	39.0	40.0
127_R2_001	16.0	562.0	6295.0	24570.0	49014.0	64171.0	79014.0	82829.0	84294.0	85609.0	96248.0	105082.0	119639.0	131799.0	154202.0	173295.0	210875.0	251181.0	322183.0	410190.0	572536.0	827607.0	1369579.0	2329062.0	4926527.0	9926323.0	1128037.0
	16.0	17.0	18.0	19.0	20.0	21.0	22.0	23.0	24.0	25.0	26.0	27.0	28.0	29.0	30.0	31.0	32.0	33.0	34.0	35.0	36.0	37.0	38.0	39.0	40.0
128_R1_001	1.0	64.0	652.0	2558.0	7238.0	13715.0	20189.0	23473.0	27876.0	31640.0	38633.0	45815.0	57990.0	72152.0	101373.0	142809.0	179907.0	174742.0	210071.0	309654.0	545278.0	963839.0	2127403.0	4490381.0	456389.0
	14.0	15.0	16.0	17.0	18.0	19.0	20.0	21.0	22.0	23.0	24.0	25.0	26.0	27.0	28.0	29.0	30.0	31.0	32.0	33.0	34.0	35.0	36.0	37.0	38.0	39.0	40.0
128_R2_001	11.0	256.0	3242.0	12878.0	25420.0	32090.0	37898.0	40348.0	41828.0	42780.0	48713.0	53323.0	60713.0	65401.0	76310.0	85908.0	105793.0	128039.0	163613.0	200001.0	263090.0	360139.0	582679.0	978032.0	2047987.0	4102904.0	484446.0
	16.0	17.0	18.0	19.0	20.0	21.0	22.0	23.0	24.0	25.0	26.0	27.0	28.0	29.0	30.0	31.0	32.0	33.0	34.0	35.0	36.0	37.0	38.0	39.0	40.0
129_R1_001	2.0	74.0	786.0	3243.0	8745.0	16162.0	24944.0	33337.0	44292.0	53708.0	68245.0	88877.0	130869.0	204104.0	381351.0	693907.0	926050.0	627245.0	363050.0	340464.0	449597.0	672989.0	1354006.0	2858075.0	286303.0
	14.0	15.0	16.0	17.0	18.0	19.0	20.0	21.0	22.0	23.0	24.0	25.0	26.0	27.0	28.0	29.0	30.0	31.0	32.0	33.0	34.0	35.0	36.0	37.0	38.0	39.0	40.0
129_R2_001	5.0	244.0	4362.0	19258.0	35304.0	38185.0	38091.0	37603.0	37570.0	36955.0	39338.0	42716.0	52152.0	64295.0	86286.0	115797.0	164197.0	215691.0	284264.0	345977.0	419523.0	498523.0	690431.0	1050292.0	2041839.0	2929113.0	342414.0
	16.0	17.0	18.0	19.0	20.0	21.0	22.0	23.0	24.0	25.0	26.0	27.0	28.0	29.0	30.0	31.0	32.0	33.0	34.0	35.0	36.0	37.0	38.0	39.0	40.0
12_R1_001	12.0	120.0	1108.0	4608.0	13245.0	23850.0	34179.0	39696.0	47716.0	54618.0	67215.0	79527.0	98237.0	116589.0	150286.0	198643.0	270627.0	309510.0	397665.0	589602.0	1045001.0	1883585.0	4373203.0	9875305.0	1011151.0
	14.0	15.0	16.0	17.0	18.0	19.0	20.0	21.0	22.0	23.0	24.0	25.0	26.0	27.0	28.0	29.0	30.0	31.0	32.0	33.0	34.0	35.0	36.0	37.0	38.0	39.0	40.0
12_R2_001	12.0	526.0	7665.0	31885.0	55611.0	61848.0	70935.0	72449.0	75583.0	79015.0	90112.0	99626.0	113471.0	122299.0	138928.0	152202.0	181169.0	211944.0	268967.0	336783.0	465794.0	674931.0	1130500.0	1953658.0	4231390.0	8964421.0	1093574.0
	17.0	18.0	19.0	20.0	21.0	22.0	23.0	24.0	25.0	26.0	27.0	28.0	29.0	30.0	31.0	32.0	33.0	34.0	35.0	36.0	37.0	38.0	39.0	40.0
131_R1_001	81.0	729.0	2732.0	7677.0	13746.0	20369.0	24851.0	29919.0	35320.0	43719.0	52484.0	67471.0	85729.0	125515.0	187756.0	239904.0	210189.0	223206.0	309403.0	513483.0	870672.0	1863544.0	3837443.0	380011.0
	14.0	15.0	16.0	17.0	18.0	19.0	20.0	21.0	22.0	23.0	24.0	25.0	26.0	27.0	28.0	29.0	30.0	31.0	32.0	33.0	34.0	35.0	36.0	37.0	38.0	39.0	40.0
131_R2_001	4.0	303.0	3555.0	13637.0	25326.0	30759.0	36492.0	38692.0	41223.0	43832.0	51810.0	57460.0	66313.0	71239.0	82735.0	93835.0	117110.0	143229.0	185423.0	226134.0	288924.0	374193.0	575571.0	932923.0	1845803.0	3412358.0	387070.0
	16.0	17.0	18.0	19.0	20.0	21.0	22.0	23.0	24.0	25.0	26.0	27.0	28.0	29.0	30.0	31.0	32.0	33.0	34.0	35.0	36.0	37.0	38.0	39.0	40.0
137_R1_001	1.0	54.0	576.0	2116.0	5791.0	10598.0	15233.0	18578.0	22524.0	25317.0	31340.0	37475.0	48174.0	62087.0	91367.0	137178.0	176990.0	161468.0	179102.0	258242.0	451960.0	801401.0	1773009.0	3653153.0	342369.0
	14.0	15.0	16.0	17.0	18.0	19.0	20.0	21.0	22.0	23.0	24.0	25.0	26.0	27.0	28.0	29.0	30.0	31.0	32.0	33.0	34.0	35.0	36.0	37.0	38.0	39.0	40.0
137_R2_001	4.0	193.0	2686.0	11068.0	20803.0	24701.0	28580.0	30200.0	30878.0	30770.0	34426.0	37574.0	43462.0	46940.0	54208.0	62405.0	78199.0	97011.0	127268.0	160895.0	219957.0	309497.0	502197.0	850893.0	1749725.0	3367301.0	384262.0
	16.0	17.0	18.0	19.0	20.0	21.0	22.0	23.0	24.0	25.0	26.0	27.0	28.0	29.0	30.0	31.0	32.0	33.0	34.0	35.0	36.0	37.0	38.0	39.0	40.0
138_R1_001	2.0	56.0	503.0	1844.0	4986.0	9123.0	13561.0	15807.0	18893.0	21533.0	26778.0	31986.0	41178.0	53185.0	78521.0	116120.0	149993.0	142402.0	166793.0	246399.0	442330.0	800034.0	1808580.0	3898092.0	391204.0
	14.0	15.0	16.0	17.0	18.0	19.0	20.0	21.0	22.0	23.0	24.0	25.0	26.0	27.0	28.0	29.0	30.0	31.0	32.0	33.0	34.0	35.0	36.0	37.0	38.0	39.0	40.0
138_R2_001	2.0	166.0	2491.0	10660.0	19926.0	23347.0	26890.0	27701.0	27646.0	27494.0	30386.0	33332.0	37873.0	41517.0	48536.0	55439.0	68345.0	83646.0	110923.0	142967.0	201290.0	291383.0	485666.0	834842.0	1780956.0	3632288.0	434191.0
	16.0	17.0	18.0	19.0	20.0	21.0	22.0	23.0	24.0	25.0	26.0	27.0	28.0	29.0	30.0	31.0	32.0	33.0	34.0	35.0	36.0	37.0	38.0	39.0	40.0
139_R1_001	1.0	68.0	686.0	2513.0	6638.0	12244.0	18459.0	22161.0	26916.0	30719.0	38274.0	45510.0	57336.0	71316.0	98223.0	137270.0	172679.0	166377.0	199235.0	292696.0	506422.0	897489.0	2015719.0	4432383.0	443271.0
	14.0	15.0	16.0	17.0	18.0	19.0	20.0	21.0	22.0	23.0	24.0	25.0	26.0	27.0	28.0	29.0	30.0	31.0	32.0	33.0	34.0	35.0	36.0	37.0	38.0	39.0	40.0
139_R2_001	4.0	226.0	2866.0	11648.0	22530.0	27469.0	33228.0	36127.0	38694.0	41384.0	47357.0	52018.0	58504.0	62927.0	71954.0	80573.0	98482.0	117961.0	149777.0	187190.0	252625.0	350713.0	565738.0	940961.0	1946699.0	4014789.0	482161.0
	16.0	17.0	18.0	19.0	20.0	21.0	22.0	23.0	24.0	25.0	26.0	27.0	28.0	29.0	30.0	31.0	32.0	33.0	34.0	35.0	36.0	37.0	38.0	39.0	40.0
13_R1_001	1.0	116.0	986.0	4123.0	11341.0	21248.0	30617.0	36047.0	43129.0	49508.0	60414.0	69923.0	85539.0	100213.0	124908.0	151104.0	196402.0	252465.0	359993.0	536662.0	935381.0	1667925.0	3861714.0	9013055.0	963844.0
	14.0	15.0	16.0	17.0	18.0	19.0	20.0	21.0	22.0	23.0	24.0	25.0	26.0	27.0	28.0	29.0	30.0	31.0	32.0	33.0	34.0	35.0	36.0	37.0	38.0	39.0	40.0
13_R2_001	9.0	423.0	4685.0	17787.0	36238.0	48920.0	61539.0	66645.0	72132.0	78309.0	92641.0	103582.0	116829.0	124481.0	138886.0	151185.0	177908.0	208725.0	261183.0	319297.0	431689.0	610979.0	1017312.0	1775735.0	3871680.0	7910035.0	877824.0
	16.0	17.0	18.0	19.0	20.0	21.0	22.0	23.0	24.0	25.0	26.0	27.0	28.0	29.0	30.0	31.0	32.0	33.0	34.0	35.0	36.0	37.0	38.0	39.0	40.0
140_R1_001	4.0	61.0	557.0	2288.0	6565.0	12387.0	18574.0	21994.0	26864.0	30629.0	38509.0	46707.0	59833.0	74812.0	106679.0	153296.0	195361.0	177762.0	202312.0	297208.0	518031.0	914533.0	2011288.0	4221114.0	405970.0
	14.0	15.0	16.0	17.0	18.0	19.0	20.0	21.0	22.0	23.0	24.0	25.0	26.0	27.0	28.0	29.0	30.0	31.0	32.0	33.0	34.0	35.0	36.0	37.0	38.0	39.0	40.0
140_R2_001	7.0	245.0	3054.0	11973.0	24244.0	31192.0	37674.0	40584.0	42170.0	43866.0	48790.0	53725.0	62586.0	68798.0	79565.0	87174.0	103244.0	122550.0	156524.0	194961.0	261287.0	361672.0	580987.0	957121.0	1954665.0	3792201.0	422479.0
	16.0	17.0	18.0	19.0	20.0	21.0	22.0	23.0	24.0	25.0	26.0	27.0	28.0	29.0	30.0	31.0	32.0	33.0	34.0	35.0	36.0	37.0	38.0	39.0	40.0
147_R1_001	2.0	80.0	763.0	2921.0	7740.0	13817.0	20030.0	23983.0	27940.0	31254.0	37972.0	44669.0	56194.0	70992.0	101974.0	149777.0	193395.0	177827.0	198604.0	282532.0	481734.0	839221.0	1826178.0	3812099.0	387960.0
	14.0	15.0	16.0	17.0	18.0	19.0	20.0	21.0	22.0	23.0	24.0	25.0	26.0	27.0	28.0	29.0	30.0	31.0	32.0	33.0	34.0	35.0	36.0	37.0	38.0	39.0	40.0
147_R2_001	3.0	207.0	2612.0	11013.0	20755.0	24943.0	28791.0	30215.0	31189.0	32287.0	37092.0	40836.0	47606.0	53478.0	62814.0	72206.0	89822.0	108765.0	139913.0	176827.0	240053.0	330377.0	525901.0	869539.0	1785636.0	3577918.0	448860.0
	16.0	17.0	18.0	19.0	20.0	21.0	22.0	23.0	24.0	25.0	26.0	27.0	28.0	29.0	30.0	31.0	32.0	33.0	34.0	35.0	36.0	37.0	38.0	39.0	40.0
148_R1_001	3.0	165.0	1464.0	5708.0	15364.0	27296.0	38371.0	44667.0	53708.0	60710.0	72781.0	85710.0	106900.0	129086.0	171959.0	231519.0	333307.0	404477.0	502558.0	697212.0	1193928.0	2147691.0	5144020.0	12092921.0	1269314.0
	14.0	15.0	16.0	17.0	18.0	19.0	20.0	21.0	22.0	23.0	24.0	25.0	26.0	27.0	28.0	29.0	30.0	31.0	32.0	33.0	34.0	35.0	36.0	37.0	38.0	39.0	40.0
148_R2_001	14.0	560.0	8378.0	35157.0	60058.0	62832.0	70156.0	71000.0	72622.0	73108.0	82765.0	91475.0	106449.0	119771.0	143234.0	165391.0	207955.0	255259.0	336183.0	428287.0	592810.0	844038.0	1399439.0	2448905.0	5356761.0	10636155.0	1162077.0
	16.0	17.0	18.0	19.0	20.0	21.0	22.0	23.0	24.0	25.0	26.0	27.0	28.0	29.0	30.0	31.0	32.0	33.0	34.0	35.0	36.0	37.0	38.0	39.0	40.0
149_R1_001	20.0	690.0	5894.0	21334.0	56953.0	103174.0	150407.0	189798.0	241418.0	286765.0	359220.0	439129.0	588615.0	793972.0	1205417.0	1916236.0	3157454.0	3807238.0	3582025.0	3468717.0	4697740.0	7587760.0	17557601.0	42223009.0	4479761.0
	14.0	15.0	16.0	17.0	18.0	19.0	20.0	21.0	22.0	23.0	24.0	25.0	26.0	27.0	28.0	29.0	30.0	31.0	32.0	33.0	34.0	35.0	36.0	37.0	38.0	39.0	40.0
149_R2_001	37.0	2056.0	35743.0	155076.0	266584.0	273497.0	284187.0	280554.0	283405.0	289383.0	327615.0	366802.0	440705.0	518646.0	662219.0	827096.0	1104664.0	1402202.0	1856554.0	2313471.0	2999091.0	3921529.0	5988960.0	9844785.0	20542445.0	37751316.0	4181725.0
	16.0	17.0	18.0	19.0	20.0	21.0	22.0	23.0	24.0	25.0	26.0	27.0	28.0	29.0	30.0	31.0	32.0	33.0	34.0	35.0	36.0	37.0	38.0	39.0	40.0
150_R1_001	4.0	159.0	1388.0	5573.0	15384.0	28027.0	39691.0	46853.0	57026.0	66171.0	81724.0	97962.0	125937.0	158527.0	222750.0	326193.0	499900.0	601754.0	682701.0	859878.0	1369548.0	2365713.0	5549932.0	12939148.0	1395841.0
	14.0	15.0	16.0	17.0	18.0	19.0	20.0	21.0	22.0	23.0	24.0	25.0	26.0	27.0	28.0	29.0	30.0	31.0	32.0	33.0	34.0	35.0	36.0	37.0	38.0	39.0	40.0
150_R2_001	14.0	540.0	9331.0	39694.0	67233.0	68100.0	72433.0	72944.0	75994.0	80801.0	96119.0	111337.0	133841.0	150975.0	181210.0	214924.0	279545.0	355838.0	474930.0	598061.0	789575.0	1062327.0	1682999.0	2858443.0	5885321.0	10970672.0	1204583.0
	16.0	17.0	18.0	19.0	20.0	21.0	22.0	23.0	24.0	25.0	26.0	27.0	28.0	29.0	30.0	31.0	32.0	33.0	34.0	35.0	36.0	37.0	38.0	39.0	40.0
18_R1_001	4.0	96.0	906.0	3760.0	10231.0	19090.0	27700.0	33259.0	40909.0	47104.0	57863.0	67623.0	83446.0	95963.0	116489.0	139047.0	178873.0	229207.0	326131.0	488559.0	851032.0	1525657.0	3590282.0	8836945.0	965724.0
	14.0	15.0	16.0	17.0	18.0	19.0	20.0	21.0	22.0	23.0	24.0	25.0	26.0	27.0	28.0	29.0	30.0	31.0	32.0	33.0	34.0	35.0	36.0	37.0	38.0	39.0	40.0
18_R2_001	15.0	410.0	4259.0	15633.0	31285.0	41550.0	52993.0	58208.0	64723.0	71940.0	86737.0	99128.0	113455.0	119089.0	132689.0	142386.0	164782.0	189747.0	236846.0	290960.0	397055.0	567651.0	948394.0	1655896.0	3625187.0	7740605.0	884277.0
	16.0	17.0	18.0	19.0	20.0	21.0	22.0	23.0	24.0	25.0	26.0	27.0	28.0	29.0	30.0	31.0	32.0	33.0	34.0	35.0	36.0	37.0	38.0	39.0	40.0
19-G_R1_001	3.0	143.0	1342.0	5364.0	14922.0	27664.0	39564.0	46408.0	55137.0	63292.0	77514.0	90045.0	112683.0	136856.0	181216.0	243340.0	339748.0	399079.0	501822.0	720604.0	1250772.0	2222296.0	5001974.0	10451659.0	967045.0
	14.0	15.0	16.0	17.0	18.0	19.0	20.0	21.0	22.0	23.0	24.0	25.0	26.0	27.0	28.0	29.0	30.0	31.0	32.0	33.0	34.0	35.0	36.0	37.0	38.0	39.0	40.0
19-G_R2_001	15.0	795.0	9874.0	38433.0	69852.0	81968.0	94999.0	97407.0	96710.0	95461.0	106216.0	115612.0	133546.0	148821.0	174451.0	197556.0	241694.0	287945.0	367846.0	457477.0	622533.0	876879.0	1426794.0	2402288.0	4877540.0	9032511.0	895269.0
	16.0	17.0	18.0	19.0	20.0	21.0	22.0	23.0	24.0	25.0	26.0	27.0	28.0	29.0	30.0	31.0	32.0	33.0	34.0	35.0	36.0	37.0	38.0	39.0	40.0
19-S_R1_001	3.0	166.0	1301.0	5265.0	14203.0	26177.0	37720.0	45064.0	56156.0	67161.0	84895.0	103319.0	133073.0	169942.0	243943.0	358759.0	519301.0	543028.0	588904.0	783857.0	1337538.0	2355403.0	5301897.0	11035286.0	978564.0
	14.0	15.0	16.0	17.0	18.0	19.0	20.0	21.0	22.0	23.0	24.0	25.0	26.0	27.0	28.0	29.0	30.0	31.0	32.0	33.0	34.0	35.0	36.0	37.0	38.0	39.0	40.0
19-S_R2_001	24.0	675.0	8169.0	33612.0	64522.0	79242.0	94601.0	97239.0	96730.0	97724.0	110097.0	121917.0	145314.0	168242.0	205983.0	244237.0	311086.0	376496.0	481446.0	593001.0	764092.0	1021050.0	1601995.0	2581340.0	5158782.0	9434658.0	898651.0
	16.0	17.0	18.0	19.0	20.0	21.0	22.0	23.0	24.0	25.0	26.0	27.0	28.0	29.0	30.0	31.0	32.0	33.0	34.0	35.0	36.0	37.0	38.0	39.0	40.0
19_R1_001	4.0	90.0	968.0	3373.0	9398.0	16972.0	24545.0	28797.0	34255.0	39744.0	48546.0	56841.0	69385.0	80097.0	98291.0	120108.0	159822.0	212667.0	313189.0	476581.0	840033.0	1540737.0	3689087.0	8999192.0	986719.0
	14.0	15.0	16.0	17.0	18.0	19.0	20.0	21.0	22.0	23.0	24.0	25.0	26.0	27.0	28.0	29.0	30.0	31.0	32.0	33.0	34.0	35.0	36.0	37.0	38.0	39.0	40.0
19_R2_001	6.0	332.0	3992.0	16244.0	31401.0	38886.0	47244.0	51277.0	55610.0	59920.0	70770.0	80738.0	92089.0	98512.0	111513.0	121657.0	145823.0	171707.0	217424.0	268150.0	371397.0	542538.0	930639.0	1675233.0	3753307.0	7973303.0	919729.0
	15.0	16.0	17.0	18.0	19.0	20.0	21.0	22.0	23.0	24.0	25.0	26.0	27.0	28.0	29.0	30.0	31.0	32.0	33.0	34.0	35.0	36.0	37.0	38.0	39.0	40.0
1_R1_001	1.0	3.0	104.0	1001.0	4529.0	13023.0	24499.0	35133.0	40847.0	48372.0	55352.0	67693.0	79610.0	97904.0	117259.0	153252.0	204570.0	281861.0	316966.0	398303.0	588707.0	1046091.0	1899522.0	4445882.0	10265888.0	1068369.0
	14.0	15.0	16.0	17.0	18.0	19.0	20.0	21.0	22.0	23.0	24.0	25.0	26.0	27.0	28.0	29.0	30.0	31.0	32.0	33.0	34.0	35.0	36.0	37.0	38.0	39.0	40.0
1_R2_001	12.0	586.0	8015.0	33337.0	57917.0	64149.0	73474.0	74754.0	76152.0	78254.0	89884.0	99775.0	115735.0	123857.0	140102.0	154394.0	186439.0	220398.0	281091.0	346427.0	474090.0	679989.0	1139254.0	1980380.0	4377843.0	9284028.0	1094405.0
	16.0	17.0	18.0	19.0	20.0	21.0	22.0	23.0	24.0	25.0	26.0	27.0	28.0	29.0	30.0	31.0	32.0	33.0	34.0	35.0	36.0	37.0	38.0	39.0	40.0
20-G_R1_001	5.0	133.0	1291.0	5021.0	14100.0	26597.0	38375.0	45316.0	55651.0	64840.0	79682.0	95148.0	119775.0	147954.0	201312.0	280125.0	393993.0	444418.0	530990.0	743530.0	1288638.0	2288826.0	5180899.0	11174135.0	1081875.0
	14.0	15.0	16.0	17.0	18.0	19.0	20.0	21.0	22.0	23.0	24.0	25.0	26.0	27.0	28.0	29.0	30.0	31.0	32.0	33.0	34.0	35.0	36.0	37.0	38.0	39.0	40.0
20-G_R2_001	19.0	787.0	9154.0	36248.0	67763.0	79649.0	93011.0	95487.0	94692.0	95857.0	107722.0	117877.0	136870.0	153832.0	182568.0	208377.0	256241.0	307451.0	396120.0	499544.0	670227.0	927211.0	1492692.0	2478588.0	5086012.0	9720925.0	987705.0
	16.0	17.0	18.0	19.0	20.0	21.0	22.0	23.0	24.0	25.0	26.0	27.0	28.0	29.0	30.0	31.0	32.0	33.0	34.0	35.0	36.0	37.0	38.0	39.0	40.0
20-S_R1_001	4.0	114.0	1106.0	4346.0	11343.0	20806.0	29805.0	33805.0	40515.0	46409.0	55899.0	65635.0	80915.0	96869.0	125916.0	165300.0	231868.0	290480.0	366638.0	507537.0	868809.0	1529283.0	3457254.0	7746076.0	793518.0
	14.0	15.0	16.0	17.0	18.0	19.0	20.0	21.0	22.0	23.0	24.0	25.0	26.0	27.0	28.0	29.0	30.0	31.0	32.0	33.0	34.0	35.0	36.0	37.0	38.0	39.0	40.0
20-S_R2_001	25.0	489.0	4969.0	20449.0	43544.0	60517.0	73922.0	77118.0	76264.0	75197.0	83004.0	90064.0	103881.0	114761.0	133847.0	151366.0	185539.0	220622.0	278515.0	340375.0	447373.0	617783.0	997224.0	1662913.0	3442533.0	6588064.0	679892.0
	16.0	17.0	18.0	19.0	20.0	21.0	22.0	23.0	24.0	25.0	26.0	27.0	28.0	29.0	30.0	31.0	32.0	33.0	34.0	35.0	36.0	37.0	38.0	39.0	40.0
20_R1_001	3.0	98.0	930.0	3748.0	10468.0	19397.0	27784.0	33024.0	39735.0	45818.0	55613.0	64810.0	79566.0	93170.0	115745.0	141073.0	188046.0	248699.0	358647.0	528125.0	898116.0	1571289.0	3590102.0	8257555.0	849403.0
	14.0	15.0	16.0	17.0	18.0	19.0	20.0	21.0	22.0	23.0	24.0	25.0	26.0	27.0	28.0	29.0	30.0	31.0	32.0	33.0	34.0	35.0	36.0	37.0	38.0	39.0	40.0
20_R2_001	10.0	378.0	4697.0	18088.0	35438.0	45155.0	54988.0	59532.0	64025.0	66787.0	77197.0	85871.0	96376.0	101613.0	112387.0	123134.0	145304.0	172038.0	221209.0	278851.0	387970.0	564108.0	956306.0	1707889.0	3692212.0	7329247.0	820154.0
	16.0	17.0	18.0	19.0	20.0	21.0	22.0	23.0	24.0	25.0	26.0	27.0	28.0	29.0	30.0	31.0	32.0	33.0	34.0	35.0	36.0	37.0	38.0	39.0	40.0
21_R1_001	2.0	85.0	857.0	3597.0	10642.0	20075.0	29841.0	35854.0	43271.0	50430.0	62108.0	73008.0	88590.0	100060.0	120189.0	141265.0	182640.0	236235.0	338324.0	507880.0	877814.0	1557746.0	3591646.0	8420220.0	912973.0
	14.0	15.0	16.0	17.0	18.0	19.0	20.0	21.0	22.0	23.0	24.0	25.0	26.0	27.0	28.0	29.0	30.0	31.0	32.0	33.0	34.0	35.0	36.0	37.0	38.0	39.0	40.0
21_R2_001	13.0	421.0	4258.0	16171.0	31821.0	44451.0	57324.0	63601.0	71041.0	79471.0	96304.0	109543.0	124191.0	126373.0	137412.0	143750.0	165476.0	188164.0	233818.0	285312.0	387185.0	559187.0	937066.0	1637832.0	3574028.0	7471344.0	859795.0
	16.0	17.0	18.0	19.0	20.0	21.0	22.0	23.0	24.0	25.0	26.0	27.0	28.0	29.0	30.0	31.0	32.0	33.0	34.0	35.0	36.0	37.0	38.0	39.0	40.0
28_R1_001	4.0	103.0	833.0	3487.0	9748.0	18065.0	26614.0	31358.0	37987.0	43826.0	53461.0	62353.0	76490.0	89587.0	111456.0	137317.0	184630.0	244178.0	352961.0	526501.0	913158.0	1638812.0	3887202.0	9544696.0	1010215.0
	14.0	15.0	16.0	17.0	18.0	19.0	20.0	21.0	22.0	23.0	24.0	25.0	26.0	27.0	28.0	29.0	30.0	31.0	32.0	33.0	34.0	35.0	36.0	37.0	38.0	39.0	40.0
28_R2_001	17.0	434.0	4541.0	17447.0	34242.0	45295.0	55582.0	59838.0	63006.0	67087.0	77339.0	85829.0	99162.0	106131.0	119604.0	132195.0	159103.0	187417.0	240210.0	301470.0	416616.0	604684.0	1025907.0	1806102.0	3957786.0	8388238.0	949760.0
	16.0	17.0	18.0	19.0	20.0	21.0	22.0	23.0	24.0	25.0	26.0	27.0	28.0	29.0	30.0	31.0	32.0	33.0	34.0	35.0	36.0	37.0	38.0	39.0	40.0
29_R1_001	1.0	101.0	791.0	3613.0	10286.0	19744.0	28530.0	34273.0	41893.0	49168.0	60820.0	71890.0	89088.0	103766.0	127897.0	153692.0	201611.0	259739.0	372917.0	556026.0	962933.0	1708217.0	3954099.0	9141243.0	918603.0
	14.0	15.0	16.0	17.0	18.0	19.0	20.0	21.0	22.0	23.0	24.0	25.0	26.0	27.0	28.0	29.0	30.0	31.0	32.0	33.0	34.0	35.0	36.0	37.0	38.0	39.0	40.0
29_R2_001	22.0	502.0	4830.0	17851.0	37123.0	52327.0	66950.0	73278.0	80639.0	86825.0	101254.0	110310.0	124427.0	131944.0	149262.0	162073.0	190013.0	218596.0	271316.0	332853.0	451061.0	641919.0	1064054.0	1841013.0	3954920.0	7878018.0	827561.0
	16.0	17.0	18.0	19.0	20.0	21.0	22.0	23.0	24.0	25.0	26.0	27.0	28.0	29.0	30.0	31.0	32.0	33.0	34.0	35.0	36.0	37.0	38.0	39.0	40.0
2_R1_001	4.0	90.0	883.0	3484.0	10223.0	18773.0	27115.0	31450.0	37860.0	44379.0	54449.0	65153.0	82773.0	101381.0	137783.0	192673.0	269699.0	297238.0	361648.0	531066.0	942192.0	1710688.0	4059222.0	9669849.0	960164.0
	14.0	15.0	16.0	17.0	18.0	19.0	20.0	21.0	22.0	23.0	24.0	25.0	26.0	27.0	28.0	29.0	30.0	31.0	32.0	33.0	34.0	35.0	36.0	37.0	38.0	39.0	40.0
2_R2_001	14.0	392.0	6701.0	28973.0	50170.0	53311.0	59835.0	59807.0	60075.0	61137.0	69547.0	77831.0	89592.0	98393.0	115641.0	131582.0	161663.0	194695.0	256304.0	326719.0	455866.0	656989.0	1093760.0	1876001.0	4059504.0	8585754.0	979983.0
	16.0	17.0	18.0	19.0	20.0	21.0	22.0	23.0	24.0	25.0	26.0	27.0	28.0	29.0	30.0	31.0	32.0	33.0	34.0	35.0	36.0	37.0	38.0	39.0	40.0
30_R1_001	1.0	122.0	979.0	4204.0	11683.0	21833.0	31850.0	37566.0	44566.0	51389.0	62553.0	73805.0	90226.0	106369.0	132234.0	160355.0	209967.0	273447.0	393233.0	593828.0	1035372.0	1840222.0	4207224.0	9508092.0	964698.0
	14.0	15.0	16.0	17.0	18.0	19.0	20.0	21.0	22.0	23.0	24.0	25.0	26.0	27.0	28.0	29.0	30.0	31.0	32.0	33.0	34.0	35.0	36.0	37.0	38.0	39.0	40.0
30_R2_001	22.0	456.0	4939.0	18774.0	38327.0	51975.0	66702.0	71504.0	76716.0	82073.0	94120.0	100956.0	114057.0	124402.0	142498.0	157638.0	188260.0	221177.0	279543.0	346157.0	473006.0	677913.0	1125983.0	1933637.0	4129032.0	8393533.0	942418.0
	16.0	17.0	18.0	19.0	20.0	21.0	22.0	23.0	24.0	25.0	26.0	27.0	28.0	29.0	30.0	31.0	32.0	33.0	34.0	35.0	36.0	37.0	38.0	39.0	40.0
31_R1_001	3.0	106.0	940.0	3809.0	10372.0	20409.0	28884.0	33789.0	39913.0	45006.0	54105.0	63200.0	78062.0	93488.0	121190.0	157446.0	218676.0	270675.0	356843.0	531527.0	956531.0	1751972.0	4100856.0	9204266.0	873245.0
	14.0	15.0	16.0	17.0	18.0	19.0	20.0	21.0	22.0	23.0	24.0	25.0	26.0	27.0	28.0	29.0	30.0	31.0	32.0	33.0	34.0	35.0	36.0	37.0	38.0	39.0	40.0
31_R2_001	14.0	504.0	6368.0	25886.0	49883.0	63076.0	76327.0	78072.0	76039.0	74852.0	82823.0	88629.0	99141.0	107284.0	122642.0	136920.0	166247.0	198083.0	252181.0	313299.0	434158.0	629959.0	1060600.0	1818202.0	3946300.0	8214420.0	893404.0
	16.0	17.0	18.0	19.0	20.0	21.0	22.0	23.0	24.0	25.0	26.0	27.0	28.0	29.0	30.0	31.0	32.0	33.0	34.0	35.0	36.0	37.0	38.0	39.0	40.0
37_R1_001	3.0	102.0	944.0	3732.0	9818.0	18179.0	25467.0	28999.0	33572.0	36831.0	44568.0	51510.0	63240.0	76664.0	100557.0	133500.0	190234.0	238653.0	305411.0	431662.0	751843.0	1363348.0	3272142.0	8202334.0	953763.0
	14.0	15.0	16.0	17.0	18.0	19.0	20.0	21.0	22.0	23.0	24.0	25.0	26.0	27.0	28.0	29.0	30.0	31.0	32.0	33.0	34.0	35.0	36.0	37.0	38.0	39.0	40.0
37_R2_001	9.0	302.0	4469.0	18756.0	32774.0	35023.0	39666.0	40783.0	41627.0	42552.0	48155.0	53678.0	63403.0	70913.0	84526.0	96354.0	119598.0	145775.0	192441.0	248882.0	353865.0	516509.0	869024.0	1532325.0	3381241.0	7375069.0	929357.0
	16.0	17.0	18.0	19.0	20.0	21.0	22.0	23.0	24.0	25.0	26.0	27.0	28.0	29.0	30.0	31.0	32.0	33.0	34.0	35.0	36.0	37.0	38.0	39.0	40.0
38_R1_001	6.0	113.0	1059.0	4394.0	12089.0	21847.0	31492.0	37007.0	44290.0	49612.0	59116.0	69401.0	88397.0	110563.0	156333.0	227262.0	354541.0	438895.0	464723.0	537002.0	857101.0	1514206.0	3598120.0	8678969.0	1007535.0
	14.0	15.0	16.0	17.0	18.0	19.0	20.0	21.0	22.0	23.0	24.0	25.0	26.0	27.0	28.0	29.0	30.0	31.0	32.0	33.0	34.0	35.0	36.0	37.0	38.0	39.0	40.0
38_R2_001	10.0	405.0	6024.0	24854.0	43353.0	45689.0	49553.0	49845.0	50364.0	51198.0	58405.0	65326.0	77060.0	86345.0	103469.0	120492.0	152460.0	189796.0	253279.0	324985.0	451314.0	639072.0	1051835.0	1849133.0	3983258.0	7708605.0	927944.0
	16.0	17.0	18.0	19.0	20.0	21.0	22.0	23.0	24.0	25.0	26.0	27.0	28.0	29.0	30.0	31.0	32.0	33.0	34.0	35.0	36.0	37.0	38.0	39.0	40.0
39_R1_001	1.0	106.0	1080.0	4495.0	12296.0	22551.0	31431.0	35990.0	40972.0	44878.0	53237.0	60886.0	74530.0	89294.0	117749.0	155608.0	222908.0	278080.0	351612.0	495565.0	869929.0	1587720.0	3774868.0	8813772.0	957238.0
	14.0	15.0	16.0	17.0	18.0	19.0	20.0	21.0	22.0	23.0	24.0	25.0	26.0	27.0	28.0	29.0	30.0	31.0	32.0	33.0	34.0	35.0	36.0	37.0	38.0	39.0	40.0
39_R2_001	12.0	375.0	5132.0	21288.0	37054.0	42014.0	47771.0	49879.0	50728.0	51026.0	58605.0	64639.0	75320.0	84564.0	99618.0	113984.0	140461.0	170170.0	222270.0	280440.0	393239.0	577522.0	979643.0	1744443.0	3827340.0	7980754.0	978505.0
	16.0	17.0	18.0	19.0	20.0	21.0	22.0	23.0	24.0	25.0	26.0	27.0	28.0	29.0	30.0	31.0	32.0	33.0	34.0	35.0	36.0	37.0	38.0	39.0	40.0
3_R1_001	3.0	103.0	971.0	3877.0	10886.0	20821.0	29978.0	36429.0	44785.0	52793.0	67230.0	81291.0	104579.0	129047.0	178831.0	256556.0	360749.0	372477.0	414058.0	578810.0	1009032.0	1822649.0	4270863.0	9839680.0	1022082.0
	14.0	15.0	16.0	17.0	18.0	19.0	20.0	21.0	22.0	23.0	24.0	25.0	26.0	27.0	28.0	29.0	30.0	31.0	32.0	33.0	34.0	35.0	36.0	37.0	38.0	39.0	40.0
3_R2_001	11.0	547.0	7722.0	31974.0	54892.0	59686.0	66725.0	68984.0	73229.0	78762.0	93181.0	104372.0	124764.0	138757.0	158110.0	173963.0	210332.0	251776.0	323307.0	396315.0	521883.0	717311.0	1163186.0	2008160.0	4298184.0	8601634.0	980813.0
	16.0	17.0	18.0	19.0	20.0	21.0	22.0	23.0	24.0	25.0	26.0	27.0	28.0	29.0	30.0	31.0	32.0	33.0	34.0	35.0	36.0	37.0	38.0	39.0	40.0
40_R1_001	3.0	98.0	1032.0	4448.0	12335.0	22730.0	32843.0	38893.0	46379.0	51800.0	61447.0	71275.0	90548.0	114106.0	160558.0	234310.0	368495.0	452066.0	459632.0	500598.0	766047.0	1338941.0	3158267.0	7778526.0	952518.0
	14.0	15.0	16.0	17.0	18.0	19.0	20.0	21.0	22.0	23.0	24.0	25.0	26.0	27.0	28.0	29.0	30.0	31.0	32.0	33.0	34.0	35.0	36.0	37.0	38.0	39.0	40.0
40_R2_001	10.0	329.0	5706.0	24104.0	40931.0	41520.0	44168.0	44573.0	45805.0	47363.0	54301.0	60500.0	71020.0	78568.0	92909.0	106728.0	132187.0	161608.0	214792.0	278301.0	392124.0	560931.0	923578.0	1629267.0	3583089.0	7153740.0	929743.0
	16.0	17.0	18.0	19.0	20.0	21.0	22.0	23.0	24.0	25.0	26.0	27.0	28.0	29.0	30.0	31.0	32.0	33.0	34.0	35.0	36.0	37.0	38.0	39.0	40.0
41_R1_001	6.0	92.0	925.0	3707.0	10397.0	19372.0	28465.0	34908.0	43314.0	50137.0	61342.0	72297.0	95098.0	124253.0	184803.0	287844.0	472736.0	577358.0	538159.0	515639.0	730913.0	1253624.0	2973518.0	7382878.0	871232.0
	14.0	15.0	16.0	17.0	18.0	19.0	20.0	21.0	22.0	23.0	24.0	25.0	26.0	27.0	28.0	29.0	30.0	31.0	32.0	33.0	34.0	35.0	36.0	37.0	38.0	39.0	40.0
41_R2_001	3.0	350.0	6216.0	26468.0	45781.0	46472.0	47224.0	47476.0	47586.0	46386.0	49519.0	51443.0	59824.0	67377.0	82099.0	97834.0	126291.0	159782.0	215291.0	283684.0	400898.0	571893.0	929988.0	1632757.0	3525299.0	6880778.0	884298.0
	16.0	17.0	18.0	19.0	20.0	21.0	22.0	23.0	24.0	25.0	26.0	27.0	28.0	29.0	30.0	31.0	32.0	33.0	34.0	35.0	36.0	37.0	38.0	39.0	40.0
47_R1_001	2.0	118.0	898.0	3881.0	11650.0	21899.0	31462.0	35849.0	41390.0	46309.0	55476.0	64572.0	79804.0	96035.0	127120.0	170069.0	244613.0	299507.0	370029.0	513297.0	889941.0	1612601.0	3829315.0	9081134.0	962567.0
	13.0	14.0	15.0	16.0	17.0	18.0	19.0	20.0	21.0	22.0	23.0	24.0	25.0	26.0	27.0	28.0	29.0	30.0	31.0	32.0	33.0	34.0	35.0	36.0	37.0	38.0	39.0	40.0
47_R2_001	1.0	14.0	394.0	5437.0	22425.0	39957.0	45703.0	53498.0	55350.0	55857.0	57886.0	66116.0	73239.0	85278.0	94377.0	110506.0	124601.0	153062.0	184109.0	239407.0	307953.0	435579.0	630857.0	1057079.0	1844864.0	3979630.0	7968924.0	897435.0
	16.0	17.0	18.0	19.0	20.0	21.0	22.0	23.0	24.0	25.0	26.0	27.0	28.0	29.0	30.0	31.0	32.0	33.0	34.0	35.0	36.0	37.0	38.0	39.0	40.0
48_R1_001	6.0	112.0	1100.0	4829.0	13545.0	24612.0	34679.0	40508.0	47867.0	52304.0	62282.0	73357.0	92944.0	117372.0	164414.0	237533.0	368447.0	460990.0	514084.0	619080.0	992619.0	1735097.0	4031332.0	9479223.0	1052419.0
	14.0	15.0	16.0	17.0	18.0	19.0	20.0	21.0	22.0	23.0	24.0	25.0	26.0	27.0	28.0	29.0	30.0	31.0	32.0	33.0	34.0	35.0	36.0	37.0	38.0	39.0	40.0
48_R2_001	8.0	324.0	5726.0	24976.0	43385.0	46257.0	51540.0	52165.0	51476.0	50465.0	56247.0	62045.0	73896.0	86451.0	106769.0	129300.0	166880.0	209077.0	278272.0	360703.0	503998.0	718123.0	1166854.0	2002616.0	4268006.0	8632121.0	1073075.0
	15.0	16.0	17.0	18.0	19.0	20.0	21.0	22.0	23.0	24.0	25.0	26.0	27.0	28.0	29.0	30.0	31.0	32.0	33.0	34.0	35.0	36.0	37.0	38.0	39.0	40.0
49_R1_001	1.0	8.0	120.0	1225.0	5233.0	14749.0	26996.0	38535.0	44474.0	52189.0	57898.0	68563.0	78923.0	96062.0	110799.0	138506.0	168521.0	223549.0	289122.0	406280.0	598147.0	1033366.0	1839613.0	4236320.0	9648845.0	984976.0
	14.0	15.0	16.0	17.0	18.0	19.0	20.0	21.0	22.0	23.0	24.0	25.0	26.0	27.0	28.0	29.0	30.0	31.0	32.0	33.0	34.0	35.0	36.0	37.0	38.0	39.0	40.0
49_R2_001	23.0	574.0	7782.0	31052.0	56124.0	62791.0	72108.0	74226.0	75954.0	79529.0	90898.0	101381.0	115789.0	126443.0	144107.0	161267.0	196189.0	231941.0	293580.0	359565.0	488163.0	689907.0	1136986.0	1966112.0	4227077.0	8440155.0	933297.0
	16.0	17.0	18.0	19.0	20.0	21.0	22.0	23.0	24.0	25.0	26.0	27.0	28.0	29.0	30.0	31.0	32.0	33.0	34.0	35.0	36.0	37.0	38.0	39.0	40.0
4_R1_001	5.0	99.0	1039.0	4036.0	12133.0	23629.0	34179.0	39950.0	47594.0	55012.0	67056.0	78875.0	97954.0	118457.0	155256.0	207339.0	285026.0	321834.0	406235.0	611293.0	1103845.0	2015221.0	4597192.0	9694481.0	875764.0
	13.0	14.0	15.0	16.0	17.0	18.0	19.0	20.0	21.0	22.0	23.0	24.0	25.0	26.0	27.0	28.0	29.0	30.0	31.0	32.0	33.0	34.0	35.0	36.0	37.0	38.0	39.0	40.0
4_R2_001	1.0	20.0	697.0	8291.0	33745.0	61506.0	73893.0	87451.0	89706.0	90005.0	92384.0	104398.0	113423.0	127667.0	132230.0	148682.0	162324.0	193388.0	226321.0	285430.0	355344.0	491567.0	711794.0	1188974.0	2031285.0	4295278.0	8778231.0	969469.0
	16.0	17.0	18.0	19.0	20.0	21.0	22.0	23.0	24.0	25.0	26.0	27.0	28.0	29.0	30.0	31.0	32.0	33.0	34.0	35.0	36.0	37.0	38.0	39.0	40.0
50_R1_001	4.0	116.0	1044.0	4182.0	11721.0	22234.0	31588.0	36378.0	43346.0	48941.0	59191.0	69101.0	84477.0	98228.0	122047.0	148599.0	196243.0	254275.0	362360.0	536695.0	936613.0	1682459.0	3944782.0	9315341.0	930801.0
	14.0	15.0	16.0	17.0	18.0	19.0	20.0	21.0	22.0	23.0	24.0	25.0	26.0	27.0	28.0	29.0	30.0	31.0	32.0	33.0	34.0	35.0	36.0	37.0	38.0	39.0	40.0
50_R2_001	10.0	546.0	7022.0	28625.0	50870.0	57550.0	65753.0	66486.0	67890.0	70171.0	80927.0	91028.0	104741.0	113299.0	129840.0	143446.0	172133.0	200050.0	253107.0	316610.0	437477.0	631338.0	1052800.0	1823684.0	3932555.0	8148349.0	894459.0
	16.0	17.0	18.0	19.0	20.0	21.0	22.0	23.0	24.0	25.0	26.0	27.0	28.0	29.0	30.0	31.0	32.0	33.0	34.0	35.0	36.0	37.0	38.0	39.0	40.0
57-G_R1_001	8.0	179.0	1499.0	6215.0	17131.0	32139.0	46200.0	53941.0	65979.0	76680.0	94022.0	110555.0	138690.0	168620.0	229348.0	315348.0	444766.0	504501.0	612899.0	861081.0	1493820.0	2663027.0	6124227.0	13564619.0	1294981.0
	14.0	15.0	16.0	17.0	18.0	19.0	20.0	21.0	22.0	23.0	24.0	25.0	26.0	27.0	28.0	29.0	30.0	31.0	32.0	33.0	34.0	35.0	36.0	37.0	38.0	39.0	40.0
57-G_R2_001	22.0	963.0	10574.0	41873.0	76160.0	89118.0	103165.0	106834.0	108437.0	109308.0	125062.0	137800.0	162456.0	182912.0	217734.0	253191.0	312125.0	372389.0	474278.0	589294.0	792310.0	1093874.0	1762711.0	2931560.0	6004252.0	11684776.0	1177297.0
	16.0	17.0	18.0	19.0	20.0	21.0	22.0	23.0	24.0	25.0	26.0	27.0	28.0	29.0	30.0	31.0	32.0	33.0	34.0	35.0	36.0	37.0	38.0	39.0	40.0
57-S_R1_001	4.0	164.0	1738.0	7278.0	19600.0	34779.0	50067.0	61526.0	73885.0	82523.0	100552.0	115801.0	144870.0	177403.0	241427.0	336381.0	511588.0	648758.0	690484.0	647215.0	766832.0	1094213.0	2187104.0	4696083.0	498491.0
	14.0	15.0	16.0	17.0	18.0	19.0	20.0	21.0	22.0	23.0	24.0	25.0	26.0	27.0	28.0	29.0	30.0	31.0	32.0	33.0	34.0	35.0	36.0	37.0	38.0	39.0	40.0
57-S_R2_001	7.0	301.0	4080.0	17493.0	36190.0	48830.0	61804.0	69441.0	75681.0	78385.0	88497.0	98460.0	118728.0	137966.0	169640.0	197970.0	243647.0	284662.0	354080.0	419387.0	523075.0	646739.0	923864.0	1425083.0	2672677.0	4052032.0	440047.0
	16.0	17.0	18.0	19.0	20.0	21.0	22.0	23.0	24.0	25.0	26.0	27.0	28.0	29.0	30.0	31.0	32.0	33.0	34.0	35.0	36.0	37.0	38.0	39.0	40.0
57_R1_001	5.0	108.0	1013.0	3873.0	11620.0	21271.0	30384.0	35376.0	41721.0	47032.0	57224.0	67304.0	82674.0	97551.0	123228.0	153492.0	208127.0	272804.0	386148.0	573646.0	993178.0	1778930.0	4199402.0	9724099.0	972044.0
	14.0	15.0	16.0	17.0	18.0	19.0	20.0	21.0	22.0	23.0	24.0	25.0	26.0	27.0	28.0	29.0	30.0	31.0	32.0	33.0	34.0	35.0	36.0	37.0	38.0	39.0	40.0
57_R2_001	13.0	508.0	7227.0	29631.0	51782.0	56021.0	62638.0	63297.0	64594.0	66486.0	75970.0	84532.0	98469.0	109586.0	128843.0	147692.0	183433.0	224350.0	292218.0	366944.0	496463.0	701699.0	1161216.0	2022869.0	4271292.0	8230109.0	884372.0
	16.0	17.0	18.0	19.0	20.0	21.0	22.0	23.0	24.0	25.0	26.0	27.0	28.0	29.0	30.0	31.0	32.0	33.0	34.0	35.0	36.0	37.0	38.0	39.0	40.0
58-G_R1_001	3.0	183.0	1586.0	6445.0	18739.0	34796.0	49995.0	58445.0	70411.0	80848.0	97660.0	114739.0	141717.0	171459.0	225979.0	303826.0	423626.0	496654.0	627432.0	897483.0	1562592.0	2782330.0	6333357.0	13627904.0	1281271.0
	13.0	14.0	15.0	16.0	17.0	18.0	19.0	20.0	21.0	22.0	23.0	24.0	25.0	26.0	27.0	28.0	29.0	30.0	31.0	32.0	33.0	34.0	35.0	36.0	37.0	38.0	39.0	40.0
58-G_R2_001	1.0	38.0	1101.0	12598.0	49558.0	90375.0	103627.0	120917.0	123433.0	124106.0	124163.0	139093.0	151686.0	175272.0	194173.0	226734.0	256509.0	309072.0	361125.0	457321.0	574635.0	784896.0	1106955.0	1797359.0	3024827.0	6222692.0	11723774.0	1153440.0
	16.0	17.0	18.0	19.0	20.0	21.0	22.0	23.0	24.0	25.0	26.0	27.0	28.0	29.0	30.0	31.0	32.0	33.0	34.0	35.0	36.0	37.0	38.0	39.0	40.0
58-S_R1_001	7.0	108.0	1271.0	4999.0	13842.0	24758.0	35905.0	43107.0	49599.0	54793.0	64171.0	73051.0	90208.0	108819.0	145505.0	197943.0	294965.0	387459.0	464032.0	551282.0	821552.0	1369066.0	3085482.0	7038487.0	794069.0
	14.0	15.0	16.0	17.0	18.0	19.0	20.0	21.0	22.0	23.0	24.0	25.0	26.0	27.0	28.0	29.0	30.0	31.0	32.0	33.0	34.0	35.0	36.0	37.0	38.0	39.0	40.0
58-S_R2_001	5.0	300.0	3681.0	14932.0	28913.0	36100.0	43990.0	47255.0	50717.0	52738.0	59553.0	66061.0	78179.0	89408.0	109293.0	130705.0	168444.0	210509.0	278128.0	350996.0	468501.0	630388.0	990160.0	1673747.0	3370312.0	6083805.0	677660.0
	16.0	17.0	18.0	19.0	20.0	21.0	22.0	23.0	24.0	25.0	26.0	27.0	28.0	29.0	30.0	31.0	32.0	33.0	34.0	35.0	36.0	37.0	38.0	39.0	40.0
58_R1_001	5.0	129.0	1280.0	5452.0	15878.0	29199.0	41386.0	47692.0	55488.0	61195.0	72297.0	82865.0	101060.0	117740.0	145618.0	177663.0	236302.0	308481.0	430804.0	623296.0	1054824.0	1848761.0	4194940.0	9185218.0	883554.0
	14.0	15.0	16.0	17.0	18.0	19.0	20.0	21.0	22.0	23.0	24.0	25.0	26.0	27.0	28.0	29.0	30.0	31.0	32.0	33.0	34.0	35.0	36.0	37.0	38.0	39.0	40.0
58_R2_001	21.0	644.0	8056.0	31498.0	57222.0	64144.0	73441.0	75456.0	77427.0	79126.0	90284.0	99933.0	114398.0	123536.0	142133.0	157919.0	190518.0	225699.0	290507.0	361639.0	495308.0	706251.0	1161917.0	2010319.0	4205219.0	8014375.0	864137.0
	16.0	17.0	18.0	19.0	20.0	21.0	22.0	23.0	24.0	25.0	26.0	27.0	28.0	29.0	30.0	31.0	32.0	33.0	34.0	35.0	36.0	37.0	38.0	39.0	40.0
59_R1_001	5.0	105.0	885.0	3549.0	10232.0	19588.0	28027.0	32064.0	37772.0	42276.0	50292.0	58623.0	72002.0	85630.0	110373.0	138622.0	188864.0	251705.0	365435.0	550772.0	976773.0	1764437.0	4054316.0	8984029.0	882968.0
	14.0	15.0	16.0	17.0	18.0	19.0	20.0	21.0	22.0	23.0	24.0	25.0	26.0	27.0	28.0	29.0	30.0	31.0	32.0	33.0	34.0	35.0	36.0	37.0	38.0	39.0	40.0
59_R2_001	9.0	431.0	6599.0	28440.0	50300.0	56253.0	63831.0	64598.0	63182.0	63060.0	70232.0	74953.0	85522.0	91762.0	106104.0	118812.0	145763.0	175334.0	226728.0	290729.0	414213.0	618802.0	1058737.0	1841310.0	3977930.0	8126717.0	888993.0
	17.0	18.0	19.0	20.0	21.0	22.0	23.0	24.0	25.0	26.0	27.0	28.0	29.0	30.0	31.0	32.0	33.0	34.0	35.0	36.0	37.0	38.0	39.0	40.0
5_R1_001	102.0	942.0	4219.0	11790.0	22534.0	32520.0	37876.0	45415.0	51991.0	64115.0	74596.0	93215.0	111981.0	147886.0	200705.0	278726.0	312241.0	374906.0	538251.0	954162.0	1738923.0	4095439.0	9665020.0	1062661.0
	14.0	15.0	16.0	17.0	18.0	19.0	20.0	21.0	22.0	23.0	24.0	25.0	26.0	27.0	28.0	29.0	30.0	31.0	32.0	33.0	34.0	35.0	36.0	37.0	38.0	39.0	40.0
5_R2_001	9.0	480.0	7408.0	31222.0	53054.0	55114.0	61016.0	63307.0	66409.0	72081.0	86670.0	98739.0	114303.0	123061.0	140649.0	151561.0	177088.0	205734.0	257893.0	319377.0	441263.0	631600.0	1051828.0	1830534.0	4042483.0	8738247.0	1099086.0
	16.0	17.0	18.0	19.0	20.0	21.0	22.0	23.0	24.0	25.0	26.0	27.0	28.0	29.0	30.0	31.0	32.0	33.0	34.0	35.0	36.0	37.0	38.0	39.0	40.0
60_R1_001	3.0	120.0	1122.0	4790.0	13855.0	25709.0	36317.0	42688.0	50287.0	57221.0	69816.0	80905.0	99010.0	115150.0	142324.0	171195.0	224455.0	289411.0	404660.0	593659.0	1022068.0	1819571.0	4248405.0	9957864.0	992560.0
	13.0	14.0	15.0	16.0	17.0	18.0	19.0	20.0	21.0	22.0	23.0	24.0	25.0	26.0	27.0	28.0	29.0	30.0	31.0	32.0	33.0	34.0	35.0	36.0	37.0	38.0	39.0	40.0
60_R2_001	1.0	22.0	631.0	7896.0	31681.0	56139.0	62784.0	72663.0	75342.0	78868.0	84697.0	98573.0	109017.0	123483.0	133126.0	150960.0	166448.0	197315.0	230442.0	292317.0	361782.0	495505.0	703567.0	1159139.0	1988540.0	4221960.0	8605820.0	954447.0
	16.0	17.0	18.0	19.0	20.0	21.0	22.0	23.0	24.0	25.0	26.0	27.0	28.0	29.0	30.0	31.0	32.0	33.0	34.0	35.0	36.0	37.0	38.0	39.0	40.0
67_R1_001	4.0	95.0	1041.0	4304.0	12572.0	23731.0	34330.0	40544.0	48419.0	55862.0	68026.0	79855.0	98386.0	114810.0	144199.0	178345.0	240763.0	317738.0	445335.0	643906.0	1091612.0	1915725.0	4393763.0	9790097.0	898787.0
	13.0	14.0	15.0	16.0	17.0	18.0	19.0	20.0	21.0	22.0	23.0	24.0	25.0	26.0	27.0	28.0	29.0	30.0	31.0	32.0	33.0	34.0	35.0	36.0	37.0	38.0	39.0	40.0
67_R2_001	1.0	13.0	652.0	8420.0	34373.0	61256.0	70224.0	80296.0	81199.0	81859.0	84380.0	96110.0	106024.0	120636.0	129343.0	147478.0	162531.0	193609.0	227566.0	291301.0	366147.0	509434.0	734667.0	1219801.0	2096198.0	4446866.0	8441671.0	850194.0
	16.0	17.0	18.0	19.0	20.0	21.0	22.0	23.0	24.0	25.0	26.0	27.0	28.0	29.0	30.0	31.0	32.0	33.0	34.0	35.0	36.0	37.0	38.0	39.0	40.0
68_R1_001	7.0	125.0	1162.0	5201.0	14572.0	26989.0	38133.0	43814.0	51881.0	58660.0	71328.0	81992.0	100298.0	116975.0	143789.0	174688.0	231034.0	298708.0	422237.0	625505.0	1086814.0	1931320.0	4404575.0	9677612.0	940857.0
	14.0	15.0	16.0	17.0	18.0	19.0	20.0	21.0	22.0	23.0	24.0	25.0	26.0	27.0	28.0	29.0	30.0	31.0	32.0	33.0	34.0	35.0	36.0	37.0	38.0	39.0	40.0
68_R2_001	21.0	626.0	7902.0	31987.0	56993.0	65097.0	75261.0	76866.0	79461.0	83055.0	95730.0	106742.0	123944.0	134628.0	154029.0	170498.0	203357.0	235997.0	297448.0	370154.0	508541.0	724098.0	1196488.0	2043010.0	4284675.0	8479069.0	942599.0
	16.0	17.0	18.0	19.0	20.0	21.0	22.0	23.0	24.0	25.0	26.0	27.0	28.0	29.0	30.0	31.0	32.0	33.0	34.0	35.0	36.0	37.0	38.0	39.0	40.0
69_R1_001	1.0	148.0	1044.0	4241.0	11958.0	22263.0	31703.0	36750.0	42469.0	47803.0	57309.0	66546.0	82954.0	101190.0	137787.0	192917.0	265498.0	279823.0	329328.0	481585.0	843189.0	1513485.0	3534493.0	8551735.0	990346.0
	14.0	15.0	16.0	17.0	18.0	19.0	20.0	21.0	22.0	23.0	24.0	25.0	26.0	27.0	28.0	29.0	30.0	31.0	32.0	33.0	34.0	35.0	36.0	37.0	38.0	39.0	40.0
69_R2_001	9.0	408.0	4369.0	17081.0	33353.0	43568.0	53832.0	57153.0	59002.0	60888.0	69870.0	77468.0	89380.0	98001.0	115419.0	129301.0	158164.0	190707.0	243812.0	304292.0	413890.0	582876.0	962529.0	1663707.0	3641145.0	7629625.0	926716.0
	17.0	18.0	19.0	20.0	21.0	22.0	23.0	24.0	25.0	26.0	27.0	28.0	29.0	30.0	31.0	32.0	33.0	34.0	35.0	36.0	37.0	38.0	39.0	40.0
70_R1_001	100.0	849.0	3620.0	10061.0	18097.0	26118.0	30825.0	36880.0	41533.0	49773.0	58975.0	74022.0	92879.0	131422.0	195933.0	282193.0	277431.0	286777.0	401398.0	690990.0	1224778.0	2888644.0	7551663.0	950473.0
	14.0	15.0	16.0	17.0	18.0	19.0	20.0	21.0	22.0	23.0	24.0	25.0	26.0	27.0	28.0	29.0	30.0	31.0	32.0	33.0	34.0	35.0	36.0	37.0	38.0	39.0	40.0
70_R2_001	6.0	299.0	3741.0	15618.0	28930.0	34851.0	41322.0	43991.0	46808.0	48617.0	56271.0	62223.0	71941.0	79633.0	93310.0	106009.0	129493.0	154475.0	199954.0	253868.0	353387.0	503816.0	828928.0	1434878.0	3115375.0	6732147.0	885543.0
	16.0	17.0	18.0	19.0	20.0	21.0	22.0	23.0	24.0	25.0	26.0	27.0	28.0	29.0	30.0	31.0	32.0	33.0	34.0	35.0	36.0	37.0	38.0	39.0	40.0
78_R1_001	2.0	107.0	978.0	3877.0	10472.0	18818.0	27224.0	32456.0	38737.0	44998.0	55466.0	66020.0	84860.0	107315.0	155568.0	236043.0	342226.0	342606.0	361592.0	506763.0	855894.0	1503324.0	3526509.0	8881727.0	1093027.0
	14.0	15.0	16.0	17.0	18.0	19.0	20.0	21.0	22.0	23.0	24.0	25.0	26.0	27.0	28.0	29.0	30.0	31.0	32.0	33.0	34.0	35.0	36.0	37.0	38.0	39.0	40.0
78_R2_001	7.0	324.0	4125.0	16988.0	31179.0	35978.0	42502.0	44823.0	49102.0	53255.0	64668.0	74515.0	89912.0	100521.0	118680.0	135460.0	170125.0	209448.0	273518.0	342950.0	465103.0	642183.0	1041625.0	1808738.0	3851478.0	7678122.0	951280.0
	16.0	17.0	18.0	19.0	20.0	21.0	22.0	23.0	24.0	25.0	26.0	27.0	28.0	29.0	30.0	31.0	32.0	33.0	34.0	35.0	36.0	37.0	38.0	39.0	40.0
79_R1_001	5.0	102.0	989.0	3908.0	11089.0	20301.0	29610.0	34222.0	40843.0	46943.0	57977.0	67949.0	85321.0	103811.0	138636.0	187707.0	255419.0	277429.0	344830.0	517282.0	921073.0	1668955.0	3930060.0	9261832.0	988430.0
	14.0	15.0	16.0	17.0	18.0	19.0	20.0	21.0	22.0	23.0	24.0	25.0	26.0	27.0	28.0	29.0	30.0	31.0	32.0	33.0	34.0	35.0	36.0	37.0	38.0	39.0	40.0
79_R2_001	13.0	347.0	4170.0	17568.0	34786.0	45312.0	57020.0	61669.0	64640.0	68097.0	78924.0	87894.0	100129.0	108705.0	123540.0	136626.0	163778.0	194814.0	250989.0	317373.0	440098.0	636102.0	1065064.0	1851153.0	3988744.0	8141287.0	955881.0
	16.0	17.0	18.0	19.0	20.0	21.0	22.0	23.0	24.0	25.0	26.0	27.0	28.0	29.0	30.0	31.0	32.0	33.0	34.0	35.0	36.0	37.0	38.0	39.0	40.0
80_R1_001	4.0	92.0	812.0	3615.0	10430.0	19245.0	27521.0	32390.0	37975.0	43299.0	51693.0	60912.0	74817.0	90022.0	118797.0	158010.0	213352.0	231287.0	284917.0	418613.0	720950.0	1268649.0	2923210.0	7108631.0	859412.0
	14.0	15.0	16.0	17.0	18.0	19.0	20.0	21.0	22.0	23.0	24.0	25.0	26.0	27.0	28.0	29.0	30.0	31.0	32.0	33.0	34.0	35.0	36.0	37.0	38.0	39.0	40.0
80_R2_001	15.0	304.0	3561.0	14165.0	27024.0	35723.0	43918.0	48375.0	53777.0	59028.0	69129.0	76679.0	87823.0	94596.0	108169.0	117139.0	139826.0	162408.0	205108.0	253755.0	346776.0	491765.0	810980.0	1400662.0	3008726.0	6303302.0	795922.0
	16.0	17.0	18.0	19.0	20.0	21.0	22.0	23.0	24.0	25.0	26.0	27.0	28.0	29.0	30.0	31.0	32.0	33.0	34.0	35.0	36.0	37.0	38.0	39.0	40.0
83_R1_001	6.0	111.0	840.0	3444.0	9777.0	17677.0	25476.0	29401.0	34443.0	38985.0	46698.0	54520.0	67569.0	82258.0	111352.0	153986.0	212988.0	229169.0	275980.0	410139.0	732192.0	1340682.0	3255981.0	8425446.0	1001309.0
	14.0	15.0	16.0	17.0	18.0	19.0	20.0	21.0	22.0	23.0	24.0	25.0	26.0	27.0	28.0	29.0	30.0	31.0	32.0	33.0	34.0	35.0	36.0	37.0	38.0	39.0	40.0
83_R2_001	5.0	250.0	3406.0	13764.0	26298.0	31501.0	39179.0	41855.0	44558.0	47196.0	54908.0	61625.0	72321.0	79066.0	91603.0	102405.0	124762.0	149470.0	195183.0	250833.0	353012.0	513313.0	863891.0	1521322.0	3367987.0	7545439.0	965277.0
	16.0	17.0	18.0	19.0	20.0	21.0	22.0	23.0	24.0	25.0	26.0	27.0	28.0	29.0	30.0	31.0	32.0	33.0	34.0	35.0	36.0	37.0	38.0	39.0	40.0
88_R1_001	4.0	135.0	1153.0	5097.0	14228.0	25571.0	36695.0	43803.0	50895.0	57789.0	68783.0	81805.0	104732.0	134420.0	196817.0	307434.0	450875.0	441906.0	441067.0	590122.0	981668.0	1707451.0	3924847.0	9418941.0	1095818.0
	14.0	15.0	16.0	17.0	18.0	19.0	20.0	21.0	22.0	23.0	24.0	25.0	26.0	27.0	28.0	29.0	30.0	31.0	32.0	33.0	34.0	35.0	36.0	37.0	38.0	39.0	40.0
88_R2_001	11.0	281.0	3795.0	16249.0	31236.0	39763.0	49394.0	53299.0	58142.0	62385.0	75034.0	86544.0	104029.0	116966.0	141878.0	163292.0	201142.0	244961.0	317945.0	396390.0	533348.0	735110.0	1178745.0	2006891.0	4237223.0	8322809.0	1005194.0
	16.0	17.0	18.0	19.0	20.0	21.0	22.0	23.0	24.0	25.0	26.0	27.0	28.0	29.0	30.0	31.0	32.0	33.0	34.0	35.0	36.0	37.0	38.0	39.0	40.0
90_R1_001	5.0	129.0	1194.0	4813.0	13201.0	23913.0	34072.0	40061.0	46743.0	52372.0	63288.0	74374.0	94004.0	117117.0	165604.0	243023.0	346944.0	350494.0	374711.0	522455.0	889300.0	1566025.0	3597652.0	8630002.0	1037782.0
	14.0	15.0	16.0	17.0	18.0	19.0	20.0	21.0	22.0	23.0	24.0	25.0	26.0	27.0	28.0	29.0	30.0	31.0	32.0	33.0	34.0	35.0	36.0	37.0	38.0	39.0	40.0
90_R2_001	8.0	271.0	3825.0	16243.0	31047.0	37957.0	45622.0	48921.0	52855.0	56196.0	67843.0	79023.0	95916.0	107990.0	128794.0	145674.0	177158.0	211938.0	268486.0	334459.0	452999.0	632328.0	1023681.0	1752975.0	3728766.0	7766917.0	1021386.0
	16.0	17.0	18.0	19.0	20.0	21.0	22.0	23.0	24.0	25.0	26.0	27.0	28.0	29.0	30.0	31.0	32.0	33.0	34.0	35.0	36.0	37.0	38.0	39.0	40.0
91_R1_001	1.0	104.0	1019.0	4247.0	12250.0	22895.0	33247.0	39792.0	48109.0	55212.0	67838.0	80515.0	99970.0	122040.0	165108.0	226654.0	296195.0	302997.0	378829.0	566858.0	998014.0	1797883.0	4180126.0	9716576.0	1029058.0
	13.0	14.0	15.0	16.0	17.0	18.0	19.0	20.0	21.0	22.0	23.0	24.0	25.0	26.0	27.0	28.0	29.0	30.0	31.0	32.0	33.0	34.0	35.0	36.0	37.0	38.0	39.0	40.0
91_R2_001	3.0	17.0	591.0	6296.0	25565.0	48017.0	59656.0	71639.0	75619.0	78999.0	83066.0	96648.0	107276.0	120400.0	128547.0	145144.0	159043.0	190394.0	223661.0	283056.0	350502.0	478603.0	681954.0	1121424.0	1932599.0	4194841.0	8601702.0	980275.0
	16.0	17.0	18.0	19.0	20.0	21.0	22.0	23.0	24.0	25.0	26.0	27.0	28.0	29.0	30.0	31.0	32.0	33.0	34.0	35.0	36.0	37.0	38.0	39.0	40.0
92_R1_001	3.0	125.0	1032.0	4657.0	12069.0	19673.0	26492.0	30419.0	35456.0	39646.0	46233.0	52829.0	63904.0	74479.0	93478.0	119137.0	166044.0	191422.0	244392.0	364625.0	631794.0	1170781.0	2881241.0	7922814.0	1062941.0
	14.0	15.0	16.0	17.0	18.0	19.0	20.0	21.0	22.0	23.0	24.0	25.0	26.0	27.0	28.0	29.0	30.0	31.0	32.0	33.0	34.0	35.0	36.0	37.0	38.0	39.0	40.0
92_R2_001	31.0	489.0	4946.0	18836.0	35117.0	42101.0	48978.0	48317.0	49479.0	51619.0	58522.0	65416.0	74099.0	76036.0	83154.0	89095.0	103135.0	118721.0	149279.0	187573.0	264025.0	387447.0	652015.0	1183361.0	2760262.0	7454879.0	1248754.0
	16.0	17.0	18.0	19.0	20.0	21.0	22.0	23.0	24.0	25.0	26.0	27.0	28.0	29.0	30.0	31.0	32.0	33.0	34.0	35.0	36.0	37.0	38.0	39.0	40.0
97_R1_001	5.0	102.0	981.0	3854.0	10173.0	18442.0	26654.0	30422.0	35098.0	38290.0	45885.0	53896.0	68665.0	90970.0	138700.0	218884.0	300585.0	282160.0	322669.0	478237.0	836018.0	1510849.0	3606338.0	8947182.0	1075265.0
	14.0	15.0	16.0	17.0	18.0	19.0	20.0	21.0	22.0	23.0	24.0	25.0	26.0	27.0	28.0	29.0	30.0	31.0	32.0	33.0	34.0	35.0	36.0	37.0	38.0	39.0	40.0
97_R2_001	7.0	247.0	4704.0	20407.0	35273.0	36239.0	38573.0	39399.0	39064.0	38923.0	44060.0	49485.0	59656.0	69525.0	86337.0	103721.0	136166.0	174747.0	238412.0	309813.0	434415.0	617766.0	1025992.0	1812637.0	3897593.0	7856555.0	970608.0
	16.0	17.0	18.0	19.0	20.0	21.0	22.0	23.0	24.0	25.0	26.0	27.0	28.0	29.0	30.0	31.0	32.0	33.0	34.0	35.0	36.0	37.0	38.0	39.0	40.0
98_R1_001	3.0	141.0	1213.0	4818.0	13228.0	25028.0	35792.0	43031.0	51822.0	58774.0	71482.0	86224.0	112865.0	151458.0	236728.0	382950.0	516775.0	435279.0	429986.0	603329.0	1042330.0	1875326.0	4430370.0	10547177.0	1164406.0
	13.0	14.0	15.0	16.0	17.0	18.0	19.0	20.0	21.0	22.0	23.0	24.0	25.0	26.0	27.0	28.0	29.0	30.0	31.0	32.0	33.0	34.0	35.0	36.0	37.0	38.0	39.0	40.0
98_R2_001	1.0	8.0	399.0	6671.0	29486.0	53647.0	58763.0	65860.0	68089.0	67891.0	66645.0	72857.0	81164.0	95455.0	107069.0	129006.0	151542.0	191665.0	237190.0	312837.0	397749.0	545008.0	769691.0	1260949.0	2207344.0	4725191.0	9467168.0	1151190.0
	16.0	17.0	18.0	19.0	20.0	21.0	22.0	23.0	24.0	25.0	26.0	27.0	28.0	29.0	30.0	31.0	32.0	33.0	34.0	35.0	36.0	37.0	38.0	39.0	40.0
99_R1_001	2.0	103.0	911.0	3919.0	11271.0	21127.0	30213.0	37362.0	44769.0	51757.0	62927.0	74414.0	94407.0	115532.0	158028.0	222107.0	290314.0	281846.0	331446.0	480929.0	834135.0	1474737.0	3403674.0	7931662.0	861620.0
	14.0	15.0	16.0	17.0	18.0	19.0	20.0	21.0	22.0	23.0	24.0	25.0	26.0	27.0	28.0	29.0	30.0	31.0	32.0	33.0	34.0	35.0	36.0	37.0	38.0	39.0	40.0
99_R2_001	8.0	430.0	5384.0	21270.0	39068.0	45484.0	53713.0	56467.0	60472.0	64975.0	74570.0	83515.0	97036.0	108131.0	125146.0	135115.0	157335.0	183694.0	233498.0	292534.0	403207.0	576196.0	952802.0	1645235.0	3517267.0	7065680.0	820980.0
	16.0	17.0	18.0	19.0	20.0	21.0	22.0	23.0	24.0	25.0	26.0	27.0	28.0	29.0	30.0	31.0	32.0	33.0	34.0	35.0	36.0	37.0	38.0	39.0	40.0
RESUB-116_R1_001	1.0	103.0	818.0	3147.0	8984.0	16910.0	23980.0	28729.0	34588.0	40721.0	50345.0	60155.0	75495.0	90359.0	117074.0	150717.0	211265.0	266615.0	334940.0	463296.0	794560.0	1416776.0	3313357.0	7710160.0	783332.0
	14.0	15.0	16.0	17.0	18.0	19.0	20.0	21.0	22.0	23.0	24.0	25.0	26.0	27.0	28.0	29.0	30.0	31.0	32.0	33.0	34.0	35.0	36.0	37.0	38.0	39.0	40.0
RESUB-116_R2_001	13.0	354.0	3964.0	15665.0	32812.0	46478.0	57912.0	62096.0	64883.0	67629.0	78482.0	88422.0	103301.0	111671.0	126168.0	136780.0	161917.0	188035.0	239627.0	299494.0	409713.0	581742.0	954610.0	1612641.0	3378193.0	6504840.0	668985.0
	16.0	17.0	18.0	19.0	20.0	21.0	22.0	23.0	24.0	25.0	26.0	27.0	28.0	29.0	30.0	31.0	32.0	33.0	34.0	35.0	36.0	37.0	38.0	39.0	40.0
RESUB-156_R1_001	4.0	110.0	841.0	3395.0	9298.0	17348.0	24883.0	29168.0	35679.0	41188.0	51814.0	61903.0	77640.0	94234.0	125993.0	170435.0	246464.0	308911.0	364501.0	475583.0	798883.0	1420142.0	3364905.0	8074479.0	839483.0
	14.0	15.0	16.0	17.0	18.0	19.0	20.0	21.0	22.0	23.0	24.0	25.0	26.0	27.0	28.0	29.0	30.0	31.0	32.0	33.0	34.0	35.0	36.0	37.0	38.0	39.0	40.0
RESUB-156_R2_001	7.0	309.0	3460.0	13697.0	29593.0	41986.0	53020.0	57639.0	59853.0	62701.0	72610.0	80008.0	93782.0	104530.0	123342.0	141136.0	174994.0	210500.0	270663.0	336071.0	446201.0	615572.0	990505.0	1648729.0	3427506.0	6845867.0	733003.0
	16.0	17.0	18.0	19.0	20.0	21.0	22.0	23.0	24.0	25.0	26.0	27.0	28.0	29.0	30.0	31.0	32.0	33.0	34.0	35.0	36.0	37.0	38.0	39.0	40.0
RESUB-36_R1_001	4.0	98.0	852.0	3030.0	8255.0	14737.0	20820.0	24419.0	29101.0	33448.0	41483.0	48829.0	60907.0	73912.0	96348.0	126051.0	178670.0	231873.0	296940.0	412114.0	713084.0	1291210.0	3078584.0	7432221.0	813990.0
	14.0	15.0	16.0	17.0	18.0	19.0	20.0	21.0	22.0	23.0	24.0	25.0	26.0	27.0	28.0	29.0	30.0	31.0	32.0	33.0	34.0	35.0	36.0	37.0	38.0	39.0	40.0
RESUB-36_R2_001	6.0	205.0	3026.0	12860.0	25984.0	33847.0	42515.0	45163.0	46223.0	47387.0	54934.0	61503.0	71814.0	77659.0	89595.0	99550.0	121192.0	146508.0	190980.0	244984.0	345073.0	506559.0	852200.0	1483105.0	3203063.0	6494817.0	730228.0
	16.0	17.0	18.0	19.0	20.0	21.0	22.0	23.0	24.0	25.0	26.0	27.0	28.0	29.0	30.0	31.0	32.0	33.0	34.0	35.0	36.0	37.0	38.0	39.0	40.0
RESUB-76_R1_001	2.0	122.0	1014.0	3798.0	10212.0	18360.0	25458.0	29938.0	35044.0	39933.0	48329.0	56313.0	70419.0	85030.0	113717.0	155513.0	227656.0	295291.0	362840.0	458298.0	731405.0	1277593.0	3004392.0	7033875.0	753567.0
	14.0	15.0	16.0	17.0	18.0	19.0	20.0	21.0	22.0	23.0	24.0	25.0	26.0	27.0	28.0	29.0	30.0	31.0	32.0	33.0	34.0	35.0	36.0	37.0	38.0	39.0	40.0
RESUB-76_R2_001	11.0	329.0	3592.0	14061.0	27546.0	35834.0	44762.0	47835.0	49647.0	50186.0	56690.0	62590.0	73170.0	80839.0	95089.0	108209.0	136259.0	168127.0	221340.0	279585.0	385703.0	545161.0	891183.0	1537699.0	3203005.0	6052135.0	667532.0
	16.0	17.0	18.0	19.0	20.0	21.0	22.0	23.0	24.0	25.0	26.0	27.0	28.0	29.0	30.0	31.0	32.0	33.0	34.0	35.0	36.0	37.0	38.0	39.0	40.0
RESUB-94_R1_001	6.0	127.0	1058.0	4085.0	11145.0	20517.0	29151.0	33896.0	41297.0	47828.0	58888.0	69502.0	87531.0	103985.0	136153.0	176223.0	246730.0	309565.0	386355.0	526741.0	889440.0	1561807.0	3539284.0	7858790.0	794766.0
	14.0	15.0	16.0	17.0	18.0	19.0	20.0	21.0	22.0	23.0	24.0	25.0	26.0	27.0	28.0	29.0	30.0	31.0	32.0	33.0	34.0	35.0	36.0	37.0	38.0	39.0	40.0
RESUB-94_R2_001	18.0	380.0	4107.0	16783.0	36287.0	51167.0	65214.0	69242.0	72398.0	74369.0	85737.0	94301.0	108803.0	118911.0	137124.0	152922.0	184302.0	217467.0	276306.0	343458.0	462193.0	644596.0	1040377.0	1723004.0	3510841.0	6727265.0	717298.0

