Sample	1.0	2.0	3.0	4.0	5.0	6.0	7.0	8.0	9.0	>10	>50	>100	>500	>1k	>5k	>10k+
100_R1_001										16.14053785386833	7.252386877260705	16.226079766284833	5.234106089979512	7.8429767633961855	1.1527627852081217	1.6661147297087964
100_R2_001										16.19975844524494	7.4955566723882745	16.82229018613964	5.948793253083296	7.666883673168703	1.897956069757263	2.541787024246382
107_R1_001										15.411981022091389	7.096265338754672	17.457575421770706	6.232862124897115	8.762956040551574	1.3160349110455791	1.6535561947406758
107_R2_001										14.183697381460084	7.112012774751392	17.385807045892232	6.450138080979364	10.849943752557751	2.002121738400221	3.366659771500947
108_R1_001										15.665621562718005	5.846344389076421	12.645618638418862	4.272990057033665	6.088064131291904	1.8731531232657557	2.8478140451627674
108_R2_001										16.15101399173371	6.4625244789066905	13.715824602552884	4.622659290090515	6.15959163192451	1.5212340204121633	2.96062840339608
109_R1_001										15.188577211060721	6.994294590686276	17.527449494092444	6.911594138212204	9.382769895282348	1.6970777706170015	2.8981251752591
109_R2_001										14.558291690522088	6.998053573624206	17.863758744195348	7.329136329776335	10.151575785355508	2.062678973066947	4.248629035274942
10_R1_001										15.465992833816744	6.31411281096291	14.477445783468717	5.440372288296317	7.417742075749953	1.6951716810279522	2.1148436274362976
10_R2_001										15.70917194513578	6.886976090656484	15.773099235717664	5.532404938744671	7.692459556031425	1.2098525698585054	2.305327921133689
110_R1_001										16.05959001927875	7.752503395395246	17.382444588868605	5.707192166263752	8.210990508205768	1.20365114284366	1.3584256240995856
110_R2_001										15.407388354978687	7.4080518710427645	17.336637289904928	6.330200247267465	9.028122524220798	1.8437629959729653	3.723985676878266
117_R1_001										15.84349716285986	7.06829041001902	15.976547546708339	5.236852052657557	7.1315330411034825	0.8798436477091001	1.6512363946839896
117_R2_001										15.687241957171501	7.276935535147551	16.43850247551004	5.835280358137783	7.0069046633156065	1.2183947555859653	2.5609424910643392
118_R1_001										15.989665112369986	6.900372427321646	16.099829618981794	5.687199125032256	7.1095807498379475	0.5243433069504827	1.0390347771109005
118_R2_001										15.24878697149944	7.120254706603238	16.71858264548791	6.10984781990602	7.57994300997114	1.4017754601643502	2.5954257679518795
119_R1_001										16.79902102037285	7.786487012768544	17.65632065802132	5.526566952092953	7.227047270651693	0.7598914056859484	1.0152778881535836
119_R2_001										15.844330372705965	7.372795543854786	17.36009908906354	6.525962237501583	8.78102474350412	1.5508904465238733	3.635405905603945
11_R1_001										15.38018599075339	7.014871864797953	16.660586150017785	6.47034441153526	9.12290635957651	1.5303415779448484	1.5097085288999552
11_R2_001										15.199382337735004	7.210522303859719	17.653159418010603	6.771942632921897	9.75329979403043	2.0584728533836136	2.0538590838319895
120_R1_001										16.62910372059583	6.810869406075973	14.924707185227273	4.567949868291202	5.978483071105579	0.6767628435402964	1.2921496192078001
120_R2_001										16.513388814613663	7.2258364649193325	15.2282689139242	5.154619474567756	6.044419865694649	1.1527185435496272	2.060674242868477
121_R1_001										15.155486844088875	6.467652352412981	15.814177877945882	6.104639611116017	9.473595274488504	1.5654664792077926	2.3583430113535466
121_R2_001										14.473196966918106	6.5087571997856575	16.252738553817483	6.746571267982363	10.254514361162414	2.6897384012466823	3.2699613819471147
127_R1_001										15.867214553883112	6.924160684287811	15.6876632446765	5.351726277287974	6.724296904276107	0.6577876050842159	1.5898515422518178
127_R2_001										15.64217366258617	7.158918814675818	16.752787350031543	5.72193818211599	7.01101241473053	1.1189499213184713	2.497905509506208
128_R1_001										15.083876300890973	6.28038992932162	14.577324285727771	4.700931986949415	5.962142188742168	0.9638169291355194	0.9364567058121912
128_R2_001										15.66651563001606	6.700576587913955	14.981167289725509	4.603106227143675	5.9662727319502835	1.1223944783453161	1.647034985731348
129_R1_001										8.411056858043187	3.056411496336908	6.931390870407257	2.4730416904981225	4.420758340984454	1.209052582967198	17.566610864712853
129_R2_001										8.665624533692858	3.181331342983347	7.138764702343418	2.161524456588012	3.723654461589495	1.0670514501090589	19.209611266355797
12_R1_001										15.204750276752735	6.660255276799289	16.258372190358962	6.50303945561986	9.302710335508683	1.6652046040071429	1.3927616583539517
12_R2_001										15.12195862480444	7.095835217209066	17.475055128232686	6.81411407615655	9.853263917222845	1.5182992940251103	1.6600165974177052
131_R1_001										14.493446618829672	5.56707893546738	10.501413585982112	2.7896897898487896	3.418235901221531	0.6230144797264592	1.6497917798269461
131_R2_001										15.367541428523793	6.057103518169311	11.290966227598405	2.6503841634673586	3.0104985017946104	0.27970854181995936	2.672440241421819
137_R1_001										15.339705486191937	6.64599081959127	14.231091858143447	4.117657049427752	4.164218090862243	0.669291124143696	1.5796796704326088
137_R2_001										15.43065361253361	6.7407070222921694	15.28886444583047	4.523732473775745	5.2773318328503995	0.7835459782235467	2.8874008819716583
138_R1_001										14.620244677141198	6.585899737086655	16.131491932111174	6.098801065234738	7.217751052159342	1.317808210287903	1.2017673953737353
138_R2_001										13.782386127793234	6.582263535338055	16.94304219445164	6.248257069981958	8.824082211287134	1.539599415957768	2.791376243337411
139_R1_001										15.9421963351173	6.731645469826647	14.047981546380592	4.292411812721948	6.274211557404586	1.0260337044382228	1.1872621495540054
139_R2_001										15.958333720220613	6.955537443453427	15.169265160042942	4.742941761276473	6.149384389136366	1.3690742727138676	2.110033817794196
13_R1_001										15.334152372525828	6.269457034368707	14.816755865980452	5.958536476039628	7.773977396195043	1.5726182889213254	1.9107855879314732
13_R2_001										15.653395201138022	6.626233580661943	15.709459458762018	5.879099925340043	8.076412478211886	1.4779325396017262	2.1021250374707114
140_R1_001										16.027230213275818	6.507764882616502	12.679440070188889	3.654520300134296	4.38635974631595	1.0632668048144283	1.132073364939144
140_R2_001										16.57750081514148	6.658296018548149	13.445670985186165	3.613206299188866	4.838981717152428	0.6920783071773625	2.02758719667916
147_R1_001										15.32897980161774	6.161946409672868	12.60296114857124	3.9679737811346567	5.171254928208771	0.6787130229314227	1.5526428009668247
147_R2_001										16.322977420178226	6.752225989718001	13.432500403371025	4.069896088463013	4.608211372812893	0.8228995969981735	2.2658266870617276
148_R1_001										15.380590988684029	6.118287083807846	13.998295000700953	5.801088786857588	7.668667956721528	1.1800589837389128	1.6670006385004341
148_R2_001										15.39370208444026	6.541343710725315	15.621118666331627	5.711526173711229	8.241630641382867	1.1751454650651896	1.7645978975812078
149_R1_001										33.479216622729574	5.839368394488972	11.498874255029866	4.905913290785053	10.314962886240375	3.0268194133640574	10.951561113785655
149_R2_001										33.84669690974294	5.965748596411647	12.295094357577167	5.6964284178516085	10.703592492926864	3.5011195902619514	11.734249051140402
150_R1_001										15.288793646851989	6.371307758110343	14.651577018485174	5.522355312582747	8.490329170898116	2.1836511935345646	3.714988728301077
150_R2_001										15.538981395418944	6.757959489153821	15.671980735272145	5.374078017353848	8.994254935383063	2.3106964942078716	3.9005673404119587
18_R1_001										15.763834182009997	6.751359683091837	16.070298078231133	6.105967638684402	8.283407580025683	1.6662633345778004	1.8099004002135821
18_R2_001										15.691584614152534	7.276462694642389	16.895402469205237	6.323273888495448	8.463128815990133	1.7008805671167007	1.8855487723080284
19-G_R1_001										13.65766820381088	3.8404684852524067	4.733810070527515	0.7591789603959764	0.4712243220902323	0.1341020532247493	0.41015855568079984
19-G_R2_001										14.350124592062553	3.892454575488845	5.435464613709429	0.9484010623705105	0.7293333242053935	0.0674499242167869	1.21266665860069
19-S_R1_001										12.531122599492623	4.146493748428071	7.002653726454143	1.4408595465362894	1.4250013942358803	0.12351825654530318	0.2353320210751945
19-S_R2_001										13.252128915398767	4.151523081479688	6.93768289852935	1.9701451665918963	2.2516790797439743	0.46003054098114365	1.0389537567512324
19_R1_001										15.020606307021067	6.827188500533385	16.197377212733453	5.717572774158927	7.4503511420397395	1.9542597076057937	2.123976259879989
19_R2_001										15.253090644541592	6.862975487355041	16.617270911553074	6.114653696306297	9.12813424253284	1.6081766790933685	2.6509685451970224
1_R1_001										15.502939037026142	6.8714049212933865	15.979697126109924	6.111123334574758	8.571122308497307	1.2993941177439716	1.1336176713684525
1_R2_001										15.51362039899673	6.989072328021723	17.23890057501426	6.3632398036743645	8.755676899226323	1.3535297032084062	1.823388941188336
20-G_R1_001										13.481954039354797	3.982027964004691	5.080679691516967	0.7183787497047122	0.43195755956808984	0.0571857890415193	0.341362498412677
20-G_R2_001										14.235784137074104	4.011651059792932	5.636973422065986	1.1007390915430508	0.731957892098949	0.032928215122279204	1.0211247302298725
20-S_R1_001										11.523597477075095	3.176139850093682	4.600886859509327	1.0525157516850852	0.9755619831703959	0.09950998623538963	0.22974243408512238
20-S_R2_001										12.229802698308626	3.2108222704390634	5.186530172491828	1.2708563897880358	1.2593602284597167	0.19661581966157576	1.189519398434317
20_R1_001										14.732109615350272	6.398002073973109	15.882260499907503	6.620056504802374	8.481962098674876	1.4814436624282548	3.088953324123046
20_R2_001										14.766401880300714	6.721259361618917	16.970045347760777	6.762702962752836	8.70965129396672	1.4930743778849942	3.4313892717535177
21_R1_001										15.503775492857377	6.6506189364947055	15.598779706237451	5.65351992500575	7.556125501074355	1.8318221252283877	2.276604160203588
21_R2_001										15.761798094261989	7.043978860853703	16.770672238103217	5.6427212715584725	8.05520936487024	1.282651044635037	2.3735346209608865
28_R1_001										15.62197223059288	7.048471607191507	16.829889947472996	6.133850456397242	8.089027204460463	1.2310241790495327	1.810036998106666
28_R2_001										15.63745064603671	7.328686393134988	17.9461290129956	6.551057672288523	8.22558446451047	1.219010320606305	2.348022841657569
29_R1_001										14.623408137631804	6.43595747194886	15.885109026088676	6.610718047041998	9.765426507027076	1.4898437099477488	2.0885446552012814
29_R2_001										14.704616884953975	6.669785883893874	16.600195588040506	6.626075355235346	9.496194429056874	1.9135593280862169	2.31786457636312
2_R1_001										15.839460486479567	7.708324657438376	17.845103689364862	5.788399994332025	7.0846092587534	0.7196817766720534	0.8916080700942273
2_R2_001										14.85770159069532	7.346435726967532	17.776668664337926	6.620779025116182	8.946105218290759	1.6556802120452196	2.9935219398539035
30_R1_001										15.482246698500074	6.759175744798599	15.568799780465445	5.390338056099137	7.032070330377607	1.513723604572597	1.4126558350106388
30_R2_001										15.683683376582291	6.963933208053683	16.4199808421521	5.80355500252532	7.505986783785605	1.2516713279741691	1.696456521691549
31_R1_001										15.047468357971855	6.945524919476305	15.503598038457413	5.346341660370559	7.638800242752438	1.5454373276291822	1.090202091461559
31_R2_001										14.410387497403415	6.645879019201368	16.17853343739757	6.074806561796189	8.693342981149357	1.6857663092228976	3.0048455545838495
37_R1_001										15.785668837066897	6.661880188269424	15.099501268473023	5.476000413525323	7.731777156277786	1.7171645338983812	1.6614319096880135
37_R2_001										16.04980261636276	7.041510088576694	15.903261255722192	5.572962430240288	8.341983616466422	1.2257753878827315	2.0786202745882347
38_R1_001										15.744074984688213	6.3542892823355634	13.956857737300417	4.930631427143508	6.958742761434403	1.7223136879110348	4.909621270024681
38_R2_001										16.311280187007334	6.7550521453921295	14.614557857626137	5.041116498787496	7.399102922982019	1.5956285536065133	4.816748546708655
39_R1_001										16.039160528695877	6.623594599498489	15.525638932172885	6.180158363216358	8.589808556504112	2.2214677980647046	1.7665481553521003
39_R2_001										16.248701800303834	7.050331821134952	16.642042986838856	6.093435158599142	9.109557813584686	1.8431655749616753	2.153972500916364
3_R1_001										14.930339058027572	6.570165461831412	16.273981366046844	6.732513099500355	9.553514318158118	1.6333603128121574	2.093548754843108
3_R2_001										14.580309983209103	6.8242142780251855	17.25247388541807	6.9409155364081325	9.825279945849106	2.0828619280339353	2.470105273346355
40_R1_001										15.450085158120825	6.20794077613079	13.84928205013796	5.05994650127854	7.950654751632959	2.2704163825511094	6.190368368090254
40_R2_001										16.062511696404023	6.730075551816153	14.43101387380297	5.137309117424928	7.715000912396045	1.9425124925411725	6.769477432049167
41_R1_001										12.600645131230939	4.9041045573986315	12.216305840281407	5.44271768117552	11.445246552888557	2.0326815576879484	9.140223084708635
41_R2_001										12.392824929104481	4.811452530602494	12.782073601146465	6.019925863496545	10.720394591681364	2.086158617647365	9.863204923098705
47_R1_001										16.028878129169634	6.936203965849952	15.96851182416417	5.709720938881092	7.421968910374808	1.3730595515941986	1.5604113241972872
47_R2_001										16.29981439855016	7.343972703006873	17.073993745136633	5.925038013233389	7.176241211686361	1.3951344898663602	1.8944668384137382
48_R1_001										14.634625218740299	5.890637078711761	13.94120804751944	5.640659784861802	10.387687966501263	2.701164195038921	5.122028584177837
48_R2_001										14.571677136143421	5.899547745192251	14.089464676298249	6.139912348584039	11.359695312823717	2.609297077969922	5.961180378391995
49_R1_001										16.441528518077302	6.643495303516915	14.248536689786684	4.4733395381489585	6.669541560897314	1.1590376218470304	1.2991424822141908
49_R2_001										16.866877638465805	7.029683522507038	15.058798923162398	4.498484910626384	5.748512522449738	1.0634258537551387	1.645899220706798
4_R1_001										14.955737651727313	6.542568537329123	16.123805610880478	6.960155483488252	9.665381490839067	1.6582649519648516	1.1594298567921184
4_R2_001										14.44133602409321	6.748657682548844	17.240872504259887	6.983871537829954	10.001337484391879	1.7878201121119481	2.2569938891524184
50_R1_001										15.211310548521006	6.411748046873715	15.128929265134818	5.262212339270887	6.593097630328591	0.8527370609470526	1.0788407696871254
50_R2_001										15.624980352445014	6.853971503971305	16.0051518390113	5.181013455774859	6.76147531031647	0.9659948721551227	1.5626825613964805
57-G_R1_001										15.593793724192942	4.784500182480641	7.761648963979605	1.5846499432790606	0.9762315972360802	0.08334257968090036	0.3327479651008938
57-G_R2_001										15.86900526222885	4.931006500734215	8.07011371440814	1.8637862259934912	1.4731838375928885	0.05324830280185484	0.9208540569554234
57-S_R1_001										14.208917836368688	3.709844180594308	5.289870069842122	1.346109366943401	1.8003552827639029	0.32661075475960105	9.17799821651614
57-S_R2_001										14.507615895764317	3.6172319661036276	5.140301739132451	1.2156925720725589	2.0516169244356037	0.5301707265548319	10.45006273855806
57_R1_001										16.24163553056487	6.854100013226907	15.271550644628789	5.03802254118277	6.9582542280966235	0.9877557557427851	0.9928580887578731
57_R2_001										16.251530868315488	7.393126099425322	15.943657545182813	5.505455655565434	6.6370359488238755	0.9090240608032001	1.4870649368619715
58-G_R1_001										15.45831971728409	4.479748789821758	7.1724238004662	1.527590414629016	1.1096876247359015	0.02683281401391567	0.4763500773695351
58-G_R2_001										16.072359797606303	4.73586837631135	7.6896995442491765	1.6365377950133715	0.9250470374536288	0.10207918087989973	1.1088100066387596
58-S_R1_001										17.34059726110227	4.6371395604456	7.166711786913524	1.7363506459451368	2.523678925138182	0.7111755518489076	2.5728477050149743
58-S_R2_001										17.687624584606887	4.5302213511321	7.129949551280361	1.863948998127744	2.5509007594687954	0.33074781473953485	2.966790028767814
58_R1_001										15.453061126304208	5.9559441984911015	13.929746258353678	5.162051108142207	7.9319434663435775	1.257810393007534	2.1584652830069047
58_R2_001										15.625609657987521	6.495639654395285	14.738193154027632	5.110329910311788	7.547278563375231	1.1803817829696008	2.506263918132854
59_R1_001										15.56715270183086	6.7434829773312694	15.543353543376238	5.678401384682856	7.740062117332291	1.73155068185378	2.056802638564388
59_R2_001										15.209576414646273	6.796926720790207	16.204565340724166	5.797259339896752	9.229055906778374	1.6893707689886388	2.6929877953147923
5_R1_001										15.297616591878619	6.7453744770015	15.40189927821531	5.525915689050027	7.451302876590759	2.235061610178305	2.889263249868183
5_R2_001										15.098936527697395	6.949230052049253	16.208137198703184	5.902005381340542	8.876315057967917	2.126105337486823	3.341507230282776
60_R1_001										15.523062642642438	6.372594524275428	14.06703958227281	4.689486291297477	6.312125060602164	1.319924876917994	1.7523104318440534
60_R2_001										16.007363760423367	6.658455473425519	14.886364885057299	4.825592808193128	6.378007912268689	1.1863293181518677	2.0042407718797417
67_R1_001										15.518483861085702	6.340942789119647	14.009218089552977	4.402678804654511	6.064156465594409	0.7272159038824116	2.0530023563532773
67_R2_001										15.44219828698165	6.625999103003986	14.794801367262577	4.968277433850784	5.614734900240266	0.9316839458768035	2.982657920995137
68_R1_001										15.585864032857005	6.250451794261106	14.0858179705768	4.710721638222095	7.0984618206467305	1.415791073635489	1.3939011961056487
68_R2_001										15.77704422140627	6.543647054142776	14.675301295659285	4.792771241844305	6.938905624627521	1.2594402831508766	1.739064293578202
69_R1_001										15.954507891846003	6.413616017236125	14.797575122736381	4.758357187960405	6.122982971416278	1.0009699152138385	1.162424587946783
69_R2_001										16.483594156827554	6.918790352498647	15.698095997657486	4.64273298074721	6.3405461938566985	0.8843553042574901	1.85064435894074
70_R1_001										15.856853628613852	6.7781733474362245	14.410938903300519	4.582965789430313	6.608316941497818	1.393162803088355	2.096961278449468
70_R2_001										16.319093689462605	7.1183371769863415	15.486336764890812	4.694191411125416	6.242282433142608	1.0669154197030966	2.988982873453729
78_R1_001										15.515309820266957	6.809245285741597	15.826945304307023	5.805467848741541	8.777263385690668	2.635992254103831	3.498824536158497
78_R2_001										15.345898301361272	7.083778793113514	16.6523151191114	6.205803025648312	9.874694040228784	2.346538905250365	3.9604955542449116
79_R1_001										15.577379593985938	7.150984970395045	17.08822181770587	6.163954796335059	8.164239367342017	1.763518308225897	1.3655520551279432
79_R2_001										15.012479138468885	7.321391081481418	17.841477467319514	6.500632830780957	9.210200300702578	2.1681079175498006	2.5436894901905758
80_R1_001										16.136373555329588	6.8383772095876525	15.167097632724138	4.8249153624440435	6.4699943157103315	1.780000475072788	1.8449428437887678
80_R2_001										16.538252876471496	7.2989198873159	16.088513358558547	4.974537578650765	6.861608724683838	1.4842920728703553	1.6673297919997097
83_R1_001										15.594764627626475	7.082148251884185	16.845193543179768	6.274567910408326	9.333940203600726	2.28758924519218	1.9374871798871576
83_R2_001										15.246857564317166	7.5981724021800146	17.988015314462547	6.655017376187303	10.296094730317447	1.9029664221389242	2.3326993424563334
88_R1_001										14.389988118589963	5.862687877918839	14.639002732178758	6.452429279681464	11.034526909173547	2.6352250404491313	5.06894915951542
88_R2_001										14.204335989625982	6.008323372694252	15.76649943494427	6.856127790782586	11.364359253921775	3.3072485234696183	4.801463368516217
90_R1_001										14.90641734032527	6.3520690943394476	15.517624453122156	5.9967329018965145	8.437125198423216	2.8416760685391487	4.171553599712085
90_R2_001										14.909682204079349	6.6526589493470984	16.464697734117305	5.969339270643542	9.839193489796441	2.440802493456201	4.478246117199995
91_R1_001										15.336883860423415	6.530481932035167	15.829948422243161	5.838726346329612	7.80122531660663	1.2666878551285312	1.7564971477307671
91_R2_001										15.1712597580196	6.931860744387339	16.91349582394284	6.161719465193775	8.166216669155435	1.3582766812742877	2.2036526284664912
97_R1_001										13.868436731789762	6.431363766522324	16.46273672271878	6.481318577043874	11.417441650979496	3.2766240494851906	5.891875372106759
97_R2_001										13.512883285167543	6.529139144826653	16.705264701037343	6.713770165463212	13.399890868353626	3.285380373923183	5.64301829103788
98_R1_001										12.908243249279364	5.3133761856206645	13.992288241030487	6.2510352386841275	10.284923173749142	2.9606113593251724	5.554860806130689
98_R2_001										12.657315167024926	5.21744778265013	13.82805045840511	6.207652420024548	12.401754281420288	2.9764879778148434	6.678549549826081
99_R1_001										15.404056193501498	6.441144424023371	15.178489427432428	5.345480685291302	7.413208689828091	1.332669793063526	2.067333948839199
99_R2_001										15.25187120578668	6.875531554949258	16.111636485239444	5.627454071720321	7.931756806082249	1.2406233430435796	2.719249610719866
RESUB-116_R1_001										16.12376913084052	6.900369140368371	14.692613689225281	4.479756229269279	5.76472445100388	1.1672414514153204	0.9271416618594489
RESUB-116_R2_001										15.983406484341678	7.049320228247012	15.406907449831978	4.81763608054023	6.2479216357882335	1.0685788679131112	1.792610072872611
RESUB-156_R1_001										16.255739668968424	7.18070470959867	15.209688228968215	4.74783628817073	5.395320211698697	0.4556385046844037	0.787456434090078
RESUB-156_R2_001										16.16228956214702	7.167359547284478	15.918893892996563	5.171601493342675	5.75682772559592	1.0804667577183844	1.5344549957362599
RESUB-36_R1_001										15.472999173210884	7.185170911995059	17.424030082178547	5.871459185649124	7.454232318662301	1.2420978027252525	1.1765127820524757
RESUB-36_R2_001										14.739111194657578	6.955865658312494	16.962367966162603	6.3964769004777295	10.18114364062477	2.0682971782836175	2.310720405052032
RESUB-76_R1_001										16.44224294704281	6.716200237142683	13.769096900296637	4.246442039146407	5.650002800295403	0.8329947474606492	1.8268711792469667
RESUB-76_R2_001										16.917356073854837	7.236846284529501	15.155510923832056	4.410438484332724	5.48338210685404	0.8395880699820171	2.557907604423764
RESUB-94_R1_001										16.207992715866403	6.912077627153017	14.701439899051664	4.472162779672898	5.627992006511809	0.6919089619981129	0.9331545322428674
RESUB-94_R2_001										16.374909391024936	7.097937916366654	15.371888885175597	4.863135961326756	5.827967743234313	0.998078285096779	1.716019013271172
